0,0,0,0,0,0,0,0,0,0,0,0,0,0,0,0,0,0,0,0,0,0,0,0,0,0,0,0,0,0,0,0,0,0,0,0,0,0,0,0,0,0,0,0,0,0,0,0,0,0,0,0,0,0,0,0,0,0,0,0,0,0,0,0,0,0,0,0,0,0,0,0,0,0,0,0,0,0,0,0,0,0,0,0,0,0,0,0,0,0,0,0,0,0,0,0,0,0,0,0,0,0,0,0,0,0,0,0,0,0,0,0,0,0,0,0,0,0,0,0,0,0,0,0,0,0,0,0,0,0,0,0,0,0,0,0,0,0,0,0,0,0,0,0,0,0,0,0,0,0,0,0,0,0,0,0,0,0,0,0,0,0,0,0,0,0,0,0,0,0,0,0,0,0,0,0,0,0,0,0,0,0,0,0,0,0,0,0,0,0,0,0,0,0,0,0,0,0,0,0
0,0,0,0,0,0,0,0,0,0,0,0,0,0,0,0,0,0,0,0,0,0,0,0,0,0,0,0,0,0,0,0,0,0,0,0,0,0,0,0,0,0,0,0,0,0,0,0,0,0,0,0,0,0,0,0,0,0,0,0,0,0,0,0,0,0,0,0,0,0,0,0,0,0,0,0,0,0,0,0,0,0,0,0,0,0,0,0,0,0,0,0,0,0,0,0,0,0,0,0,0,0,0,0,0,0,0,0,0,0,0,0,0,0,0,0,0,0,0,0,0,0,0,0,0,0,0,0,0,0,0,0,0,0,0,0,0,0,0,0,0,-1.26800000667572,0,0,0,0,0,0,0,0,0,0,0,0,0,0,0,0,0,0,0,0,0,0,0,0,0,0,0,0,0,0,0,0,0,0,0,0,0,0,0,0,0,0,0,0,0,0,0,0,0,0,0,0,0,0,0,0,0,0
0,0,0,0,0,0,0,0,0,0,0,0,0,0,0,0,0,0,0,0,0,0,0,0,0,0,0,0,0,0,0,0,0,0,0,0,0,0,0,0,0,0,0,0,0,0,0,0,0,0,0,0,0,0,0,0,0,0,0,0,0,0,0,0,0,0,0,0,0,0,0,0,0,0,0,0,0,0,0,0,0,0,0,0,0,0,0,0,0,0,0,0,0,0,0,0,0,0,0,0,0,0,0,0,0,0,0,0,0,0,0,0,0,0,0,0,0,0,0,0,0,0,0,0,0,0,0,0,0,0,0,0,0,0,0,0,0,0,0,0,0,0,0,0,0,0,0,0,0,0,0,0,0,0,0,0,0,0,0,0,0,0,0,0,0,0,0,0,0,0,0,0,0,0,0,0,0,0,0,0,0,0,0,0,0,0,0,0,0,0,0,0,0,0,0,0,0,0,0,0
0,0,0,0,0,0,0,0,0,0,0,0,0,0,0,0,0,0,0,0,0,0,0,0,0,0,0,0,0,0,0,0,0,0,0,0,0,0,0,0,0,0,0,0,0,0,0,0,0,0,0,0,0,0,0,0,0,0,0,0,0,0,0,0,0,0,0,0,0,0,0,0,0,0,0,0,0,0,0,0,0,0,0,0,0,0,0,0,0,0,0,0,0,0,0,0,0,0,0,0,0,0,0,0,0,0,0,0,0,0,0,0,0,0,0,0,0,0,0,0,0,0,0,0,0,0,0,0,0,0,0,0,0,0,0,0,0,0,0,0,0,0,0,0,0,0,0,0,0,0,0,0,0,0,0,0,0,0,0,0,0,0,0,0,0,0,0,0,0,0,0,0,0,0,0,0,0,0,0,0,0,0,0,0,0,0,0,0,0,0,0,0,0,0,0,0,0,0,0,0
0,0,0,0,0,0,0,0,0,0,0,0,0,0,0,0,0,0,0,0,0,0,0,0,0,0,0,0,0,0,0,0,0,0,0,0,0,0,0,0,0,0,0,0,0,0,0,0,0,0,0,0,0,0,0,0,0,0,0,0,0,0,0,0,0,0,0,0,0,0,0,0,0,0,0,0,0,0,0,0,0,0,0,0,0,0,0,0,0,0,0,0,0,0,0,0,0,0,0,0,0,0,0,0,0,0,0,0,0,0,0,0,0,0,0,0,0,0,0,0,0,0,0,0,0,0,0,0,0,0,0,0,0,0,0,0,0,0,0,0,0,0,0,0,0,0,0,0,0,0,0,0,0,0,0,0,0,0,0,0,0,0,0,0,0,0,0,0,0,0,0,0,0,0,0,0,0,0,0,0,0,0,0,0,0,0,0,0,0,0,0,0,0,0,0,0,0,0,0,0
0,0,0,0,0,0,0,0,0,0,0,0,0,0,0,0,0,0,0,0,0,0,0,0,0,0,0,0,0,0,0,0,0,0,0,0,0,0,0,0,0,0,0,0,0,0,0,0,0,0,0,0,0,0,0,0,0,0,0,0,0,0,0,0,0,0,0,0,0,0,0,0,0,0,0,0,0,0,0,0,0,0,0,0,0,0,0,0,0,0,0,0,0,0,0,0,0,0,0,0,0,0,0,0,0,0,0,0,0,0,0,0,0,0,0,0,0,0,0,0,0,0,0,0,0,0,0,0,0,0,0,0,0,0,0,0,0,0,0,0,0,0,-1.25699996948242,0,0,0,0,0,0,0,0,0,0,0,0,0,0,0,0,0,0,0,0,0,0,0,0,0,0,0,0,0,0,0,0,0,0,0,0,0,0,0,0,0,0,0,0,0,0,0,0,0,0,0,0,0,0,0,0,0
0,0,0,0,0,0,0,0,0,0,0,0,0,0,0,0,0,0,0,0,0,0,0,0,0,0,0,0,0,0,0,0,0,0,0,0,0,0,0,0,0,0,0,0,0,0,0,0,0,0,0,0,0,0,0,0,0,0,0,0,0,0,0,0,0,0,0,0,0,-1.24899995326996,0,0,0,0,0,0,0,0,0,0,0,0,0,0,0,0,0,0,0,0,0,0,0,0,0,0,0,0,0,0,0,0,0,0,0,0,0,0,0,0,0,0,0,0,0,0,0,0,0,0,0,0,0,0,0,0,0,0,0,0,0,0,0,0,0,0,0,0,0,0,0,0,0,0,0,0,0,0,0,0,0,0,0,0,0,0,0,0,0,0,0,0,0,0,0,0,0,0,0,0,0,0,0,0,0,0,0,0,0,0,0,0,0,0,0,0,0,0,0,0,0,0,0,0,0,0,0,0,0,0
0,0,0,0,0,0,0,0,0,0,0,0,0,0,0,0,0,0,0,0,0,0,0,0,0,0,0,0,0,0,0,0,0,0,0,0,0,0,0,0,0,0,0,0,0,0,0,0,0,0,0,-0.98199999332428,0,0,0,0,0,0,0,0,0,0,0,0,0,0,0,0,0,0,0,0,0,0,0,0,0,0,0,0,0,0,0,0,0,0,0,0,0,0,0,0,0,0,0,0,0,0,0,0,0,0,0,0,0,0,0,0,0,0,0,0,0,0,0,0,0,0,0,0,0,0,0,0,0,0,0,0,0,0,0,0,0,0,0,0,0,0,0,0,0,0,0,-1.25100004673004,-1.25199997425079,0,-1.25199997425079,0,0,0,0,0,0,0,0,0,0,0,0,0,0,0,0,0,0,0,0,0,0,0,0,0,0,0,0,0,0,0,0,0,0,0,0,0,0,0,0,0,0,0,0,0,0,0,0,0,0,0,0,0
0,0,0,0,0,0,0,0,0,0,0,0,0,0,0,0,0,0,0,0,0,0,0,-0.990000009536743,0,0,0,0,0,0,0,0,0,0,0,0,0,0,0,0,0,0,0,0,0,0,0,0,0,0,0,0,0,0,0,0,0,0,0,0,0,0,0,0,0,0,0,0,0,0,0,0,0,0,0,0,0,0,0,0,0,0,0,0,0,0,0,0,0,0,0,0,0,0,0,0,0,0,0,0,0,0,0,0,0,0,0,0,0,0,0,0,0,0,0,0,0,0,0,0,0,0,0,0,0,0,0,0,0,0,0,0,0,0,0,0,0,0,0,0,0,0,0,0,0,0,0,0,0,0,0,0,0,0,0,0,0,0,0,0,0,0,0,0,0,0,0,0,0,0,0,0,0,0,0,0,0,0,0,0,0,0,0,0,0,0,0,0,0,0,0,0,0,0,0,0,0,0,0,0
0,0,0,0,0,0,0,0,0,0,0,0,0,0,0,0,0,0,0,0,0,0,0,0,0,0,0,0,0,0,0,0,0,0,0,0,0,0,0,0,0,0,0,0,0,0,0,0,0,0,0,0,0,0,0,0,0,0,0,0,0,0,0,0,0,0,0,0,0,0,0,0,0,0,0,0,0,0,0,0,0,0,0,0,0,0,0,0,0,0,0,0,0,0,0,0,0,0,0,0,0,0,0,0,0,0,0,0,0,0,0,0,0,0,0,0,0,0,0,0,0,0,0,0,0,0,0,0,0,0,0,0,0,0,0,0,0,0,0,0,0,0,0,0,0,0,0,0,0,-1.24600005149841,-1.24699997901917,0,-1.24699997901917,0,0,0,0,0,0,0,0,0,0,0,0,0,0,0,0,0,0,0,0,0,0,0,0,0,0,0,0,0,0,0,0,0,0,0,0,0,0,0,0,0,0,0,0,0,0,0
0,0,0,0,0,0,0,0,0,0,0,0,0,0,0,0,0,0,0,0,0,0,0,0,0,0,0,0,0,0,0,0,0,0,0,0,0,0,0,0,0,0,0,0,0,0,0,0,0,0,0,0,0,0,0,0,0,0,0,0,0,0,0,0,0,0,0,0,0,0,0,0,0,0,0,0,0,0,0,0,0,0,0,0,0,0,0,0,0,0,0,0,0,0,0,0,0,0,0,0,0,0,0,0,0,0,0,0,0,0,0,0,0,0,0,0,0,0,0,0,0,0,0,0,0,0,0,0,0,0,0,0,0,0,0,0,0,0,0,0,0,0,0,0,0,0,0,-1.24199998378754,0,0,0,0,0,0,0,0,0,0,0,0,0,0,0,0,0,0,0,0,0,0,0,0,0,0,0,0,0,0,0,0,0,0,0,0,0,0,0,0,0,0,0,0,0,0,0,0,0,0,0,0
0,0,0,0,0,0,0,0,0,-0.986999988555908,0,0,0,0,0,0,0,0,0,0,0,0,0,0,0,0,0,0,0,0,0,0,0,0,0,0,0,0,0,0,0,0,0,0,0,0,0,0,0,0,0,0,0,0,0,0,0,0,0,0,0,0,0,0,0,0,0,0,0,0,0,0,0,0,0,0,0,0,0,0,0,0,0,0,0,0,0,0,0,0,0,0,0,0,0,0,0,0,0,0,0,0,0,0,0,0,0,0,0,0,0,0,0,0,0,0,0,0,0,0,0,0,0,0,0,0,0,0,0,0,0,0,0,0,0,0,0,0,0,0,0,0,0,0,0,0,0,0,-1.24100005626678,0,0,0,0,-1.24000000953674,0,0,0,0,0,0,0,0,0,0,0,0,0,0,0,0,0,0,0,0,0,0,0,0,0,0,0,0,0,0,0,0,0,0,0,0,0,0,0,0,0,0,0,0,0,0
0,0,0,0,0,0,0,0,0,0,0,0,0,0,0,0,0,0,0,0,0,0,0,0,0,0,0,0,0,0,0,0,0,0,0,0,0,0,0,0,0,0,0,0,0,0,0,0,0,0,0,0,0,0,0,0,0,0,0,0,0,0,0,0,0,0,0,0,0,0,0,0,0,0,0,0,0,0,0,0,0,0,0,0,0,0,0,0,0,0,0,0,0,0,0,0,0,0,0,0,0,0,0,0,0,0,0,0,0,0,0,0,0,0,0,0,0,0,0,0,0,0,0,0,0,0,0,0,0,0,0,0,0,0,0,0,0,0,0,0,0,0,0,0,0,0,0,0,0,0,0,0,0,0,0,0,0,0,0,0,0,0,0,0,0,0,0,0,0,0,0,0,0,0,0,0,0,0,0,0,0,0,0,0,0,0,0,0,0,0,0,0,0,0,0,0,0,0,0,0
0,0,0,0,0,0,0,0,0,0,0,0,0,0,0,0,0,0,0,0,0,0,-0.976000010967255,0,0,0,0,0,0,0,0,0,0,0,0,0,-0.970000028610229,0,0,0,0,0,0,0,0,0,0,0,0,0,0,0,0,0,0,0,0,0,0,0,0,0,0,0,0,0,0,0,0,0,0,0,0,0,0,0,0,0,0,0,0,0,0,0,0,0,0,0,0,0,0,0,0,0,0,0,0,0,0,0,0,0,0,0,0,0,0,0,0,0,0,0,0,0,0,0,0,0,0,0,0,0,0,0,0,0,0,0,0,0,0,0,0,0,0,0,0,0,0,0,0,0,0,0,0,0,0,0,0,0,0,0,0,0,0,0,0,0,0,0,0,0,0,0,0,0,0,0,0,0,0,0,0,0,0,0,0,0,0,0,0,0,0,0,0,0,0,0,0,0,0,0,0,0,0,0,0,0,0,0
0,0,0,0,0,0,0,0,0,0,0,0,0,0,0,0,0,0,0,0,0,0,0,0,0,0,0,0,0,0,0,0,0,0,0,0,0,0,0,0,0,0,0,0,0,0,0,0,0,0,0,0,0,0,0,0,0,0,0,0,0,0,0,0,0,0,0,0,0,0,0,0,0,0,0,0,0,0,0,0,0,0,0,0,0,0,0,0,0,0,0,0,0,0,0,0,0,0,0,0,0,0,0,0,0,0,0,0,0,0,0,0,0,0,0,0,0,0,0,0,0,0,0,0,0,0,0,0,0,0,0,0,0,0,0,0,0,0,0,0,0,0,0,0,0,0,0,0,0,0,0,0,0,0,0,0,0,0,0,0,0,0,0,0,0,0,0,0,0,0,0,0,0,0,0,0,0,0,0,0,0,0,0,0,0,0,0,0,0,0,0,0,0,0,0,0,0,0,0,0
0,0,0,0,0,0,0,0,-0.978999972343445,0,0,0,0,0,0,0,0,0,0,0,0,0,0,0,0,0,0,0,0,0,0,0,0,0,0,0,0,0,0,0,0,0,0,0,0,0,0,0,0,0,0,0,0,0,0,0,0,0,0,0,0,0,0,0,0,0,0,0,0,0,0,0,0,0,0,0,0,0,0,0,0,0,0,0,0,0,0,0,0,0,0,0,0,0,0,0,0,0,0,0,0,0,0,0,0,0,0,0,0,0,0,0,0,0,0,0,0,0,0,0,0,0,0,0,0,0,0,0,0,0,0,0,0,0,0,0,0,0,0,0,0,0,0,0,0,0,0,0,0,0,0,0,0,0,0,0,0,0,0,0,0,0,0,0,0,0,0,0,0,0,0,0,0,0,0,0,0,0,0,0,0,0,0,0,0,0,0,0,0,0,0,0,0,0,0,0,0,0,0,0
0,0,0,0,0,0,0,0,0,0,0,0,0,0,0,0,0,0,0,0,0,0,0,0,0,0,0,0,0,0,0,0,0,0,0,0,0,0,0,0,0,0,0,0,0,0,0,0,0,0,0,0,0,0,0,0,0,0,0,0,0,0,0,0,0,0,0,0,0,0,0,0,0,0,0,0,0,0,0,0,0,0,0,0,0,0,0,0,0,0,0,0,0,0,0,0,0,0,0,0,0,0,0,0,0,0,0,0,0,0,0,0,0,0,0,0,0,0,0,0,0,0,0,0,0,0,0,0,0,0,0,0,0,0,0,0,0,0,0,0,0,0,0,0,0,0,0,0,0,0,0,0,0,0,0,0,0,0,0,0,0,0,0,0,0,0,0,0,0,0,0,0,0,0,0,0,0,0,0,0,0,0,0,0,0,0,0,0,0,0,0,0,0,0,0,0,0,0,0,0
0,0,0,0,0,0,0,0,0,0,0,0,0,0,0,0,0,0,0,0,0,0,0,0,0,0,0,0,0,0,0,0,0,0,0,0,0,0,0,0,-0.959999978542328,0,0,0,0,0,0,0,0,0,0,0,0,0,0,0,0,0,0,0,0,0,0,0,0,0,0,0,0,0,0,0,0,0,0,0,0,0,0,0,0,0,0,0,0,0,0,0,0,0,0,0,0,0,0,0,0,0,0,0,0,0,0,0,0,0,0,0,0,0,0,0,0,0,0,0,0,0,0,0,0,0,0,0,0,0,0,0,0,0,0,0,0,0,0,0,0,0,0,0,0,0,0,0,0,0,0,0,0,0,0,0,0,0,0,0,0,0,0,0,0,0,0,0,0,0,0,0,0,0,0,0,0,0,0,0,0,0,0,0,0,0,0,0,0,0,0,0,0,0,0,0,0,0,0,0,0,0,0,0
0,0,0,0,0,0,0,0,0,0,0,0,0,0,0,0,0,0,0,0,0,0,0,0,0,0,0,0,0,0,0,0,0,0,0,0,0,0,0,0,0,0,0,0,0,0,0,0,-0.953999996185303,-0.953999996185303,0,0,0,0,0,0,0,0,0,0,0,0,0,0,0,0,0,0,0,0,0,0,0,0,0,0,0,0,0,0,0,0,0,0,0,0,0,0,0,0,0,0,0,0,0,0,0,0,0,0,0,0,0,0,0,0,0,0,0,0,0,0,0,0,0,0,0,0,0,0,0,0,0,0,0,0,0,0,0,0,0,0,0,0,0,0,0,0,0,0,0,0,0,0,0,0,0,0,0,0,0,0,0,0,0,0,0,0,0,0,0,0,0,0,0,0,0,0,0,0,0,0,0,0,0,0,0,0,0,0,0,0,0,0,0,0,0,0,0,0,0,0,0,0,0,0,0,0,0,0
0,0,0,0,0,0,0,0,0,-0.968999981880188,0,0,0,0,0,0,0,0,0,0,0,0,0,0,0,0,0,0,0,0,0,0,0,0,0,0,0,0,0,0,0,0,0,0,0,0,-0.950999975204468,0,0,0,0,0,0,0,0,0,0,0,0,0,0,0,0,0,0,0,0,0,0,0,0,0,0,0,0,0,0,0,0,0,0,0,0,0,0,0,0,0,0,0,0,0,0,0,0,0,0,0,0,0,0,0,0,0,0,0,0,0,0,0,0,0,0,0,0,0,0,0,0,0,0,0,0,0,0,0,0,0,0,0,0,0,0,0,0,0,0,0,0,0,0,0,0,0,0,0,0,0,0,0,0,0,0,0,0,0,0,0,0,0,0,0,0,0,0,0,0,0,0,0,0,0,0,0,0,0,0,0,0,0,0,0,0,0,0,0,0,0,0,0,0,0,0,0,0,0,0,0,0,0
0,0,0,0,0,0,0,0,0,0,0,0,0,0,0,0,0,0,0,0,0,0,-0.958999991416931,0,0,0,0,0,0,0,0,0,0,0,0,0,-0.954999983310699,0,0,0,0,0,0,0,0,0,0,0,0,0,0,0,0,0,0,0,0,0,0,0,0,0,0,0,0,0,0,0,0,-1.2059999704361,0,0,0,0,0,0,0,0,0,0,0,0,0,0,0,0,0,0,0,0,0,0,0,0,0,0,0,0,0,0,0,0,0,0,0,0,0,0,0,0,0,0,0,0,0,0,0,0,0,0,0,0,0,0,0,0,0,0,0,0,0,0,0,0,0,0,0,0,0,0,0,0,0,0,0,0,0,0,0,0,0,0,0,0,0,0,0,0,0,0,0,0,0,0,0,0,0,0,0,0,0,0,0,0,0,0,0,0,0,0,0,0,0,0,0,0,0,0,0,0,0,0,0,0,0,0,0,0,0,0
0,0,0,0,0,0,-0.962999999523163,0,0,0,0,0,0,0,0,0,0,0,0,0,0,0,0,0,0,0,0,0,0,0,0,0,0,0,0,0,0,0,0,0,0,0,0,0,0,-0.949000000953674,0,0,0,0,0,0,0,0,0,0,0,0,0,0,0,0,0,0,0,0,0,0,0,0,0,0,0,0,0,0,0,0,0,0,0,0,0,0,0,0,0,0,0,0,0,0,0,0,0,0,0,0,0,0,0,0,0,0,0,0,0,0,0,0,0,0,0,0,0,0,0,0,0,0,0,0,0,0,0,0,0,0,0,0,0,0,0,0,0,0,0,0,0,0,0,0,0,0,0,0,0,0,0,0,0,0,0,0,0,0,0,0,0,0,0,0,0,0,0,0,0,0,0,0,0,0,0,0,0,0,0,0,0,0,0,0,0,0,0,0,0,0,0,0,0,0,0,0,0,0,0,0,0,0
0,0,0,0,0,-0.962000012397766,0,0,-0.961000025272369,0,0,0,0,0,0,0,0,0,0,0,0,0,0,0,0,0,0,0,0,0,0,0,0,0,0,0,0,0,0,0,0,0,0,-0.944999992847443,0,-0.945999979972839,0,0,0,0,0,0,0,0,0,0,0,0,0,0,0,0,0,0,0,0,0,0,0,0,0,0,0,0,0,0,0,0,0,0,0,0,0,0,0,0,0,0,0,0,0,0,0,0,0,0,0,0,0,0,0,0,0,0,0,0,0,0,0,0,0,0,0,0,0,0,0,0,0,0,0,0,0,0,0,0,0,0,0,0,0,0,0,0,0,0,0,0,0,0,0,0,0,0,0,0,0,0,0,0,0,0,0,0,0,0,0,0,0,0,0,0,0,0,0,0,0,0,0,0,0,0,0,0,0,0,0,0,0,0,0,0,0,0,0,0,0,0,0,0,0,0,0,0,0,0,0,0,0,0
0,0,0,0,-0.959999978542328,0,0,0,0,0,0,0,0,0,0,0,0,0,0,0,0,-0.952000021934509,0,0,0,0,0,0,0,0,-0.947000026702881,0,0,0,0,0,0,0,0,0,0,0,0,0,0,0,0,0,0,0,0,0,0,0,0,0,0,0,0,0,0,0,0,0,0,0,0,0,0,0,0,0,0,0,0,0,0,0,0,0,0,0,0,0,0,0,0,0,0,0,0,0,0,0,0,0,0,0,0,0,0,0,0,0,0,0,0,0,0,0,0,0,0,0,0,0,0,0,0,0,0,0,0,0,0,0,0,0,0,0,0,0,0,0,0,0,0,0,0,0,0,0,0,0,0,0,0,0,0,0,0,0,0,0,0,0,0,0,0,0,0,0,0,0,0,0,0,0,0,0,0,0,0,0,0,0,0,0,0,0,0,0,0,0,0,0,0,0,0,0,0,0,0,0,0,0,0,0,0,0
0,0,0,-0.958000004291534,0,0,0,0,0,0,0,0,0,0,0,0,0,0,0,0,0,0,0,0,0,0,0,0,0,-0.945999979972839,0,0,0,0,0,0,0,0,0,0,0,0,0,0,0,0,0,0,0,0,0,0,0,0,0,0,0,0,0,0,0,0,0,0,0,0,0,0,0,0,0,0,0,0,0,0,0,0,0,0,0,0,0,0,0,0,0,0,0,0,0,0,0,0,0,0,0,0,0,0,0,0,0,0,0,0,0,0,0,0,0,0,0,0,0,0,0,0,0,0,0,0,0,0,0,0,0,0,0,0,0,0,0,0,0,0,0,0,0,0,0,0,0,0,0,0,0,0,0,0,0,0,0,0,0,0,0,0,0,0,0,0,0,0,0,0,0,0,0,0,0,0,0,0,0,0,0,0,0,0,0,0,0,0,0,0,0,0,0,0,0,0,0,0,0,0,0,0,0,0
0,0,0,0,0,0,0,0,0,0,0,0,0,0,0,0,0,0,0,0,0,0,0,0,0,0,0,0,0,0,0,0,0,0,0,0,0,0,0,0,0,0,0,0,0,0,0,0,0,0,0,0,0,0,0,0,0,0,0,0,0,0,0,0,0,0,0,0,-1.18900001049042,0,0,0,0,0,0,0,0,0,0,0,0,0,0,0,0,0,0,0,0,0,0,0,0,0,0,0,0,0,0,0,0,0,0,0,0,0,0,0,0,0,0,0,0,0,0,0,0,0,0,0,0,0,0,0,0,0,0,0,0,0,0,0,0,0,0,0,0,0,0,0,0,0,0,0,0,0,0,0,0,0,0,0,0,0,0,0,0,0,0,0,0,0,0,0,0,0,0,0,0,0,0,0,0,0,0,0,0,0,0,0,0,0,0,0,0,0,0,0,0,0,0,0,0,0,0,0,0,0,0,0
0,0,0,0,0,0,0,0,0,0,0,0,0,0,0,0,0,0,0,0,0,0,0,0,0,0,0,-0.939999997615814,0,0,0,0,0,0,0,0,0,0,0,0,0,0,0,0,0,0,0,0,0,0,0,0,0,0,0,0,0,0,0,0,0,0,0,0,0,0,0,-1.18599998950958,0,0,0,0,0,0,0,0,0,0,0,0,0,0,0,0,0,0,0,0,0,0,0,0,0,0,0,0,0,0,0,0,0,0,0,0,0,0,0,0,0,0,0,0,0,0,0,0,0,0,0,0,0,0,0,0,0,0,0,0,0,0,0,0,0,0,0,0,0,0,0,0,0,0,0,0,0,0,0,0,0,0,0,0,0,0,0,0,0,0,0,0,0,0,0,0,0,0,0,0,0,0,0,0,0,0,0,0,0,0,0,0,0,0,0,0,0,0,0,0,0,0,0,0,0,0,0,0,0,0,0,0
0,0,0,0,0,0,0,0,0,0,0,0,0,0,0,-0.943000018596649,0,0,0,0,0,0,0,0,0,0,0,0,0,0,0,0,0,0,-0.935000002384186,0,-0.935000002384186,0,0,0,0,0,0,0,0,0,0,0,0,0,0,0,0,0,0,0,0,0,0,0,0,0,0,0,0,0,0,0,0,0,0,0,0,0,0,0,0,0,0,0,0,0,0,0,0,0,0,0,0,0,0,0,0,0,0,0,0,0,0,0,0,0,0,0,0,0,0,0,0,0,0,0,0,0,0,0,0,0,0,0,0,0,0,0,0,0,0,0,0,0,0,0,0,0,0,0,0,0,0,0,0,0,0,0,0,0,0,0,0,0,0,0,0,0,0,0,0,0,0,0,0,0,0,0,0,0,0,0,0,0,0,0,0,0,0,0,0,0,0,0,0,0,0,0,0,0,0,0,0,0,0,0,0,0,0,0,0,0,0,0
0,0,-0.949000000953674,0,0,0,0,0,0,0,0,0,0,0,0,0,0,0,-0.940999984741211,0,0,0,0,0,0,0,0,0,0,0,0,0,0,0,0,-0.934000015258789,0,0,0,0,0,0,0,0,0,0,0,0,0,0,0,0,0,0,0,0,0,0,0,0,0,0,0,0,0,0,0,0,0,0,0,0,0,0,0,0,0,0,0,0,0,0,0,0,0,0,0,0,0,0,0,0,0,0,0,0,0,0,0,0,0,0,0,0,0,0,0,0,0,0,0,0,0,0,0,0,0,0,0,0,0,0,0,0,0,0,0,0,0,0,0,0,0,0,0,0,0,0,0,0,0,0,0,0,0,0,0,0,0,0,0,0,0,0,0,0,0,0,0,0,0,0,0,0,0,0,0,0,0,0,0,0,0,0,0,0,0,0,0,0,0,0,0,0,0,0,0,0,0,0,0,0,0,0,0,0,0,0,0,0
0,0,0,0,0,0,0,0,0,0,0,0,0,0,-0.939000010490417,0,0,0,0,0,-0.936999976634979,0,0,0,0,0,0,0,0,0,0,0,0,0,0,0,0,0,0,0,0,0,0,0,0,0,0,0,0,0,0,0,0,0,0,0,0,0,0,0,0,0,0,0,0,-1.17799997329712,0,0,0,0,0,0,0,0,0,0,0,0,0,0,0,0,0,0,0,0,0,0,0,0,0,0,0,0,0,0,0,0,0,0,0,0,0,0,0,0,0,0,0,0,0,0,0,0,0,0,0,0,0,0,0,0,0,0,0,0,0,0,0,0,0,0,0,0,0,0,0,0,0,0,0,0,0,0,0,0,0,0,0,0,0,0,0,0,0,0,0,0,0,0,0,0,0,0,0,0,0,0,0,0,0,0,0,0,0,0,0,0,0,0,0,0,0,0,0,0,0,0,0,0,0,0,0,0,0,0,0,0,0,0
0,0,0,0,0,0,0,0,0,0,0,0,0,0,0,0,0,0,0,-0.934000015258789,0,0,0,0,0,0,0,0,0,0,0,0,0,0,0,0,0,0,0,0,0,0,0,0,0,0,0,0,0,0,0,0,0,0,0,0,0,0,0,0,0,0,0,0,0,0,0,0,0,0,0,0,0,0,0,0,0,0,0,0,0,0,0,0,0,0,0,0,0,0,0,0,0,0,0,0,0,0,0,0,0,0,0,0,0,0,0,0,0,0,0,0,0,0,0,0,0,0,0,0,0,0,0,0,0,0,0,0,0,0,0,0,0,0,0,0,0,0,0,0,0,0,0,0,0,0,0,0,0,0,0,0,0,0,0,0,0,0,0,0,0,0,0,0,0,0,0,0,0,0,0,0,0,0,0,0,0,0,0,0,0,0,0,0,0,0,0,0,0,0,0,0,0,0,0,0,0,0,0,0
0,0,-0.941999971866608,0,0,0,0,0,0,0,0,0,0,0,0,0,0,-0.934000015258789,0,0,0,0,0,0,0,0,0,0,0,0,0,0,0,0,0,0,0,0,0,0,0,0,0,0,0,0,0,0,0,0,0,0,0,0,0,0,0,0,0,0,0,0,0,0,0,0,0,0,0,0,0,0,0,0,0,0,0,0,0,0,0,0,0,0,0,0,0,0,0,0,0,0,0,0,0,0,0,0,0,0,0,0,0,0,0,0,0,0,0,0,0,0,0,0,0,0,0,0,0,0,0,0,0,0,0,0,0,0,0,0,0,0,0,0,0,0,0,0,0,0,0,0,0,0,0,0,0,0,0,0,0,0,0,0,0,0,0,0,0,0,0,0,0,0,0,0,0,0,0,0,0,0,0,0,0,0,0,0,0,0,0,0,0,0,0,0,0,0,0,0,0,0,0,0,0,0,0,0,0,0
0,-0.939999997615814,0,0,0,0,0,0,0,0,0,0,0,0,0,0,0,0,0,0,0,0,0,0,0,0,0,0,0,0,0,0,0,0,0,0,0,0,0,0,0,0,0,0,0,0,0,0,0,0,0,0,0,0,0,0,0,0,0,0,0,0,0,0,0,0,0,0,0,0,0,0,0,0,0,0,0,0,0,0,0,0,0,0,0,0,0,0,0,0,0,0,0,0,0,0,0,0,0,0,0,0,0,0,0,0,0,0,0,0,0,0,0,0,0,0,0,0,0,0,0,0,0,0,0,0,0,0,0,0,0,0,0,0,0,0,0,0,0,0,0,0,0,0,0,0,0,0,0,0,0,0,0,0,0,0,0,0,0,0,0,0,0,0,0,0,0,0,0,0,0,0,0,0,0,0,0,0,0,0,0,0,0,0,0,0,0,0,0,0,0,0,0,0,0,0,0,0,0,0
0,0,0,0,0,0,0,0,0,0,0,0,0,0,0,0,0,0,0,0,0,0,0,0,0,0,0,0,0,0,0,0,0,-0.920000016689301,0,0,0,0,0,0,0,0,0,0,0,0,0,0,0,0,0,0,0,0,0,0,0,0,0,0,0,0,0,0,0,0,0,0,0,0,0,0,0,0,0,0,0,0,0,0,0,0,0,0,0,0,0,0,0,0,0,0,0,0,0,0,0,0,0,0,0,0,0,0,0,0,0,0,0,0,0,0,0,0,0,0,0,0,0,0,0,0,0,0,0,0,0,0,0,0,0,0,0,0,0,0,0,0,0,0,0,0,0,0,0,0,0,0,0,0,0,0,0,0,0,0,0,0,0,0,0,0,0,0,0,0,0,0,0,0,0,0,0,0,0,0,0,0,0,0,0,0,0,0,0,0,0,0,0,0,0,0,0,0,0,0,0,0,0,0
-0.935000002384186,0,0,0,0,0,0,0,0,0,0,0,0,0,0,0,0,0,0,0,0,0,0,0,0,0,0,0,0,0,0,0,0,0,0,0,0,0,0,0,0,0,0,0,0,0,0,0,0,0,0,0,0,0,0,0,0,0,0,0,0,0,0,0,0,0,0,0,0,0,0,0,0,0,0,0,0,0,0,0,0,0,0,0,0,0,0,0,0,0,0,0,0,0,0,0,0,0,0,0,0,0,0,0,0,0,0,0,0,0,0,0,0,0,0,0,0,0,0,0,0,0,0,0,0,0,0,0,0,0,0,0,0,0,0,0,0,0,0,0,0,0,0,0,0,0,0,0,0,0,0,0,0,0,0,0,0,0,0,0,0,0,0,0,0,0,0,0,0,0,0,0,0,0,0,0,0,0,0,0,0,0,0,0,0,0,0,0,0,0,0,0,0,0,0,0,0,0,0,0
0,0,0,0,0,0,0,0,0,0,0,0,0,0,0,0,0,0,0,0,0,0,0,0,0,0,0,0,0,0,0,0,0,0,0,0,0,0,0,0,0,0,0,0,0,0,0,0,0,0,0,0,0,0,0,0,0,0,0,0,0,0,0,0,0,0,0,0,0,0,0,0,0,0,0,0,0,0,0,0,0,0,0,0,0,0,0,0,0,0,0,0,0,0,0,0,0,0,0,0,0,0,0,0,0,0,0,0,0,0,0,0,0,0,0,0,0,0,0,0,0,0,0,0,0,0,0,0,0,0,0,0,0,0,0,0,0,0,0,0,0,0,0,0,0,0,0,0,0,0,0,0,0,0,0,0,0,0,0,0,0,0,0,0,0,0,0,0,0,0,0,0,0,0,0,0,0,0,0,0,0,0,0,0,0,0,0,0,0,0,0,0,0,0,0,0,0,0,0,0
0,0,0,0,0,0,0,0,0,0,0,0,0,0,0,0,0,0,0,0,0,0,0,0,0,0,0,0,0,0,0,0,0,0,0,0,0,0,0,0,0,0,0,0,0,0,0,0,0,0,0,0,0,0,0,0,0,0,0,0,0,0,0,0,0,0,0,0,0,0,0,0,0,0,0,0,0,0,0,0,0,0,0,0,0,0,0,0,0,0,0,0,0,0,0,0,0,0,0,0,0,0,0,0,0,0,0,0,0,0,0,0,0,0,0,0,0,0,0,0,0,0,0,0,0,0,0,0,0,0,0,0,0,0,0,0,0,0,0,0,0,0,0,0,0,0,0,0,0,0,0,0,0,0,0,0,0,0,0,0,0,0,0,0,0,0,0,0,0,0,0,0,0,0,0,0,0,0,0,0,0,0,0,0,0,0,0,0,0,0,0,0,0,0,0,0,0,0,0,0
0,0,0,0,0,0,0,0,0,0,0,0,0,0,0,0,0,0,0,0,0,0,0,0,0,0,0,0,0,0,0,0,0,0,0,0,0,0,0,0,0,0,0,0,0,0,0,0,0,0,0,0,0,0,0,0,0,0,0,0,0,0,0,0,0,0,0,0,0,0,0,0,0,0,0,0,0,0,0,0,0,0,0,0,0,0,0,0,0,0,0,0,0,0,0,0,0,0,0,0,0,0,0,0,0,0,0,0,0,0,0,0,0,0,0,0,0,0,0,0,0,0,0,0,0,0,0,0,0,0,0,0,0,0,0,0,0,0,0,0,0,0,0,0,0,0,0,0,0,0,0,0,0,0,0,0,0,0,0,0,0,0,0,0,0,0,0,0,0,0,0,0,0,0,0,0,0,0,0,0,0,0,0,0,0,0,0,0,0,0,0,0,0,0,0,0,0,0,0,0
0,0,0,0,0,0,0,0,0,0,0,0,0,0,0,0,0,0,0,0,0,0,0,0,0,0,0,0,0,0,0,0,0,0,0,0,0,0,0,0,0,0,0,0,0,0,0,0,0,0,0,0,0,0,0,0,0,0,0,0,0,0,0,0,0,-1.15100002288818,0,0,0,0,0,0,0,0,0,0,0,0,0,0,0,0,0,0,0,0,0,0,0,0,0,0,0,0,0,0,0,0,0,0,0,0,0,0,0,0,0,0,0,0,0,0,0,0,0,0,0,0,0,0,0,0,0,0,0,0,0,0,0,0,0,0,0,0,0,0,0,0,0,0,0,0,0,0,0,0,0,0,0,0,0,0,0,0,0,0,0,0,0,0,0,0,0,0,0,0,0,0,0,0,0,0,0,0,0,0,0,0,0,0,0,0,0,0,0,0,0,0,0,0,0,0,0,0,0,0,0,0,0,0
0,0,0,0,0,0,0,0,0,0,0,0,0,0,0,0,0,0,0,0,0,0,0,0,0,0,0,0,0,0,-0.907999992370605,0,0,0,0,0,0,0,0,0,0,0,0,0,0,0,0,0,0,0,0,0,0,0,0,0,0,0,0,0,0,0,0,0,-1.14699995517731,0,0,0,0,0,0,0,0,0,0,0,0,0,0,0,0,0,0,0,0,0,0,0,0,0,0,0,0,0,0,0,0,0,0,0,0,0,0,0,0,0,0,0,0,0,0,0,0,0,0,0,0,0,0,0,0,0,0,0,0,0,0,0,0,0,0,0,0,0,0,0,0,0,0,0,0,0,0,0,0,0,0,0,0,0,0,0,0,0,0,0,0,0,0,0,0,0,0,0,0,0,0,0,0,0,0,0,0,0,0,0,0,0,0,0,0,0,0,0,0,0,0,0,0,0,0,0,0,0,0,0,0,0,0,0
0,0,0,0,0,0,0,0,0,0,0,0,0,0,0,0,0,0,0,0,0,0,0,0,0,0,0,0,0,0,0,0,0,0,0,0,0,0,0,0,0,0,0,0,0,0,0,0,0,0,0,0,0,0,0,0,0,0,0,0,0,0,0,-1.14199995994568,0,0,0,0,0,0,0,0,0,0,0,0,0,0,0,0,0,0,0,0,0,0,0,0,0,0,0,0,0,0,0,0,0,0,0,0,0,0,0,0,0,0,0,0,0,0,0,0,0,0,0,0,0,0,0,0,0,0,0,0,0,0,0,0,0,0,0,0,0,0,0,0,0,0,0,0,0,0,0,0,0,0,0,0,0,0,0,0,0,0,0,0,0,0,0,0,0,0,0,0,0,0,0,0,0,0,0,0,0,0,0,0,0,0,0,0,0,0,0,0,0,0,0,0,0,0,0,0,0,0,0,0,0,0,0,0
0,0,0,0,0,0,0,0,0,0,0,0,0,0,0,0,0,0,0,0,0,0,0,0,0,0,0,0,0,0,0,0,0,0,0,0,0,0,0,0,0,0,0,0,0,0,0,0,0,0,0,0,0,0,0,0,0,0,0,0,0,0,0,0,0,0,0,0,0,0,0,0,0,0,0,0,0,0,0,0,0,0,0,0,0,0,0,0,0,0,0,0,0,0,0,0,0,0,0,0,0,0,0,0,0,0,0,0,0,0,0,0,0,0,0,0,0,0,0,0,0,0,0,0,0,0,0,0,0,0,0,0,0,0,0,0,0,0,0,0,0,0,0,0,0,0,0,0,0,0,0,0,0,0,0,0,0,0,0,0,0,0,0,0,0,0,0,0,0,0,0,0,0,0,0,0,0,0,0,0,0,0,0,0,0,0,0,0,0,0,0,0,0,0,0,0,0,0,0,0
0,0,0,0,0,0,0,0,0,0,0,0,0,0,0,0,0,0,0,0,0,0,0,0,0,0,0,0,0,0,0,0,0,0,0,0,0,0,0,0,0,0,0,0,0,0,0,0,0,0,0,0,0,0,0,0,0,0,0,0,0,0,0,0,0,0,0,0,0,0,0,0,0,0,0,0,0,0,0,0,0,0,0,0,0,0,0,0,0,0,0,0,0,0,0,0,0,0,0,0,0,0,0,0,0,0,0,0,0,0,0,0,0,0,0,0,0,0,0,0,0,0,0,0,0,0,0,0,0,0,-1.40900003910065,-1.41100001335144,0,-1.41100001335144,0,0,0,0,0,0,0,0,0,0,0,0,0,0,0,0,0,0,0,0,0,0,0,0,0,0,0,0,0,0,0,0,0,0,0,0,0,0,0,0,0,0,0,0,0,0,0,0,0,0,0,0,0,0,0,0,0,0,0,0,0,0,0,0,0,0
0,0,0,0,0,0,0,0,0,0,0,0,0,0,0,0,0,0,0,0,0,0,0,0,0,0,0,0,0,0,0,0,0,0,0,0,0,0,0,0,0,0,0,0,0,0,0,0,0,0,0,0,0,0,0,0,0,0,0,0,0,0,0,0,0,0,0,0,0,0,0,0,0,0,0,0,0,0,0,0,0,0,0,0,0,0,0,0,0,0,0,0,0,0,0,0,0,0,0,0,0,0,0,0,0,0,0,0,0,0,0,-1.40100002288818,0,-1.40199995040894,-1.40100002288818,0,0,0,0,0,0,0,0,0,0,0,0,-1.40299999713898,0,-1.40699994564056,0,0,0,0,-1.40799999237061,0,0,0,-1.40699994564056,0,0,0,0,0,0,0,0,0,0,0,0,0,0,0,0,0,0,0,0,0,0,0,0,0,0,0,0,0,0,0,0,0,0,0,0,0,0,0,0,0,0,0,0,0,0,0,0,0,0,0,0,0,0,0,0,0,0,0,0,0
0,0,0,0,0,0,0,0,0,0,0,0,0,0,0,0,0,0,0,0,0,0,0,0,0,0,0,0,0,0,0,0,0,0,0,0,0,0,0,0,0,0,0,0,0,0,0,0,0,0,0,0,0,0,0,0,0,0,0,0,0,0,0,0,0,0,0,0,0,0,0,0,0,0,0,0,0,0,0,0,0,0,0,0,0,0,0,0,0,0,0,0,0,0,0,0,0,0,0,0,0,0,0,0,0,0,0,0,0,0,0,-1.39699995517731,0,0,0,-1.39999997615814,0,-1.39699995517731,0,0,0,0,0,0,0,-1.40199995040894,0,0,0,0,0,0,0,0,0,-1.40199995040894,0,0,0,0,0,0,0,0,0,0,0,0,0,0,0,0,0,0,0,0,0,0,0,0,0,0,0,0,0,0,0,0,0,0,0,0,0,0,0,0,0,0,0,0,0,0,0,0,0,0,0,0,0,0,0,0,0,0,0,0,0,0,0,0
0,0,0,0,0,0,0,0,0,0,0,0,0,0,0,0,0,0,0,0,0,0,0,0,0,0,0,0,0,0,0,0,0,0,0,0,0,0,0,0,0,0,0,0,0,0,0,0,0,0,0,0,0,0,0,0,0,0,0,0,0,0,0,0,0,0,0,0,0,0,0,0,0,0,0,0,0,0,0,0,0,0,0,0,0,0,0,0,0,0,0,0,0,0,0,0,0,0,0,0,0,0,0,0,-1.39300000667572,0,-1.39499998092651,0,0,0,0,0,0,0,0,0,0,0,0,0,0,-1.39600002765656,0,-1.39699995517731,-1.39800000190735,0,0,0,0,0,0,0,0,0,0,0,0,-1.40199995040894,0,0,-1.40299999713898,0,0,0,0,0,0,0,0,0,0,0,0,0,0,0,0,0,0,0,0,0,0,0,0,0,0,0,0,0,0,0,0,0,0,0,0,0,0,0,0,0,0,0,0,0,0,0,0,0,0,0,0,0,0,0,0,0,0,0
0,0,0,0,0,0,0,0,0,0,0,0,0,0,0,0,0,0,0,0,0,0,0,0,0,0,0,0,0,0,0,0,0,0,0,0,0,0,0,0,0,0,0,0,0,0,0,0,0,0,0,0,0,0,0,0,0,0,0,0,0,0,0,0,0,0,0,0,0,0,0,0,0,0,0,0,0,0,0,0,0,0,0,0,0,0,0,0,0,0,0,0,0,0,0,0,-1.39100003242493,-1.39100003242493,-1.38999998569489,0,-1.39100003242493,-1.39100003242493,-1.39199995994568,-1.39199995994568,0,0,0,-1.38999998569489,-1.38900005817413,-1.39100003242493,0,0,0,0,0,0,0,0,-1.39199995994568,-1.38999998569489,-1.39300000667572,0,0,0,0,0,0,0,0,0,0,0,0,0,0,0,-1.39699995517731,0,0,0,0,0,0,0,0,0,0,0,0,0,0,0,0,0,0,0,0,0,0,0,0,0,0,0,0,0,0,0,0,0,0,0,0,0,0,0,0,0,0,0,0,0,0,0,0,0,0,0,0,0,0,0,0,0,0,0,0,0,0,0
0,0,0,0,0,0,0,0,0,0,0,0,0,0,0,0,0,0,0,0,0,0,0,0,0,0,0,0,0,0,0,0,0,0,0,0,0,0,0,0,0,0,0,0,0,0,0,0,0,0,0,0,0,0,0,0,0,0,0,0,0,0,0,0,0,0,0,0,0,0,0,0,0,0,0,0,0,0,0,-1.3860000371933,0,0,-1.38699996471405,0,0,0,0,0,0,0,0,0,0,-1.38499999046326,-1.38699996471405,-1.38800001144409,0,0,0,0,0,0,0,0,0,0,0,0,0,0,0,0,0,0,0,0,0,0,0,0,0,0,0,0,0,0,0,0,0,0,0,0,0,0,0,0,0,0,0,0,0,-1.39600002765656,0,0,0,0,0,0,0,0,0,0,0,0,0,0,0,0,0,0,0,0,0,0,0,0,0,0,0,0,0,0,0,0,0,0,0,0,0,0,0,0,0,0,0,0,0,0,0,0,0,0,0,0,0,0,0,0,0,0
0,0,0,0,0,0,0,0,0,0,0,0,0,0,0,0,0,0,0,0,0,0,0,0,0,0,0,0,0,0,0,0,0,0,0,0,0,0,0,0,0,0,0,0,0,0,0,0,0,0,0,0,0,0,0,0,0,0,0,0,0,0,0,0,0,0,0,0,0,0,0,0,0,0,0,0,0,-1.38300001621246,-1.38499999046326,0,-1.38499999046326,0,0,-1.38499999046326,-1.38300001621246,0,0,0,0,-1.38199996948242,-1.38399994373322,-1.38399994373322,0,0,0,0,0,0,0,0,0,0,0,0,0,0,0,0,0,0,0,0,0,0,0,0,0,0,0,0,0,0,0,0,0,0,0,0,0,0,0,0,0,0,0,0,0,0,0,0,0,0,0,0,0,0,0,0,0,0,0,0,0,0,0,0,0,0,0,0,0,0,0,0,-0.880999982357025,0,0,0,0,0,0,0,0,0,0,0,0,0,0,0,0,0,0,0,0,0,0,0,0,0,0,0,0,0,0,0,0,0,0,0
0,0,0,0,0,0,0,0,0,0,0,0,0,0,0,0,0,0,0,0,0,0,0,0,0,0,0,0,0,0,0,0,0,0,0,0,0,0,0,0,0,0,0,0,0,0,0,0,0,0,0,0,0,0,0,0,0,0,0,0,0,0,0,0,0,0,0,0,0,0,0,0,0,0,-1.38300001621246,0,-1.38199996948242,0,0,0,0,0,0,0,0,-1.38100004196167,0,-1.37899994850159,0,0,0,0,0,0,0,0,0,0,0,0,0,0,0,0,0,0,0,0,0,0,0,0,0,0,0,0,0,0,0,0,0,0,0,0,0,0,0,0,0,0,0,0,0,0,0,0,0,0,0,0,0,0,0,0,0,0,0,0,0,0,0,0,0,0,0,0,0,0,0,0,0,0,0,0,0,0,0,-0.879000008106232,0,0,0,0,0,0,0,0,0,0,0,0,0,0,0,0,0,0,0,0,0,0,0,0,0,0,0,0,0,0,0,0
0,0,0,0,0,0,0,0,0,0,0,0,0,0,0,0,0,0,0,0,0,0,0,0,0,0,0,0,0,0,0,0,0,0,0,0,0,0,0,0,0,0,0,0,0,0,0,0,0,0,0,0,0,0,0,0,0,0,0,0,0,0,0,0,0,0,0,0,0,0,0,0,0,0,0,0,0,0,0,0,0,0,0,0,0,0,0,0,0,0,0,0,0,0,0,0,0,0,0,0,0,0,0,0,0,0,0,0,0,0,0,0,0,0,0,0,0,0,0,0,0,0,0,0,0,0,0,0,0,0,0,0,0,0,0,0,0,0,0,0,0,0,0,0,0,0,0,0,0,0,0,0,0,0,0,0,0,0,0,0,0,0,0,0,0,-0.875999987125397,0,0,0,0,0,0,0,0,0,0,0,0,0,0,0,0,0,0,0,0,0,0,0,0,0,0,0,0,0,0,0,0,0,0
0,0,0,0,0,0,0,0,0,0,0,0,0,0,0,0,0,0,0,0,0,0,0,0,0,0,0,0,0,0,0,0,0,0,0,0,0,0,0,0,0,0,0,0,0,0,0,0,0,0,0,0,0,0,0,0,0,0,0,0,0,0,0,0,0,0,0,0,0,0,0,0,0,-1.37199997901917,0,0,0,0,0,0,0,0,0,0,0,0,0,0,0,0,0,0,0,0,0,0,0,0,0,0,0,0,0,0,0,0,0,0,0,0,0,0,0,0,0,0,0,0,0,0,0,0,0,0,0,0,0,0,0,0,0,0,0,0,0,0,0,0,0,0,0,0,0,0,0,0,0,0,0,0,0,0,0,0,0,0,0,0,0,0,0,0,0,0,0,0,0,0,0,0,0,0,0,0,0,0,0,0,0,0,0,0,0,0,0,0,0,0,0,0,0,0,0,0,0,0,0,0,0,0
0,0,0,0,0,0,0,0,0,0,0,0,0,0,0,0,0,0,0,0,0,0,0,0,0,0,0,0,0,0,0,0,0,0,0,0,0,0,0,0,0,0,0,0,0,0,0,0,0,0,0,0,0,0,0,0,0,0,0,0,0,0,0,0,0,0,0,0,0,0,0,0,0,0,0,0,0,0,0,0,0,0,0,0,0,0,0,0,0,0,0,0,0,0,0,0,0,0,0,0,0,0,0,0,0,0,0,0,0,0,0,0,0,0,0,0,0,0,0,0,0,0,0,0,0,0,0,0,0,0,0,0,0,0,0,0,0,0,0,0,0,0,0,0,0,0,0,0,0,0,0,0,0,0,0,0,0,0,0,0,0,0,0,0,0,-1.11800003051758,0,-1.11899995803833,0,0,0,0,0,0,0,0,0,0,0,0,0,0,0,0,0,0,0,0,0,0,0,0,0,0,0,0,0,0,0,0
0,0,0,0,0,0,0,0,0,0,0,0,0,0,0,0,0,0,0,0,0,0,0,0,0,0,0,0,0,0,0,0,0,0,0,0,0,0,0,0,0,0,0,0,0,0,0,0,0,0,0,0,0,0,0,0,0,0,0,0,0,0,0,0,0,0,0,0,0,0,0,0,0,0,0,0,0,0,0,0,0,0,0,0,0,0,0,0,0,0,0,0,0,0,0,0,0,0,0,0,0,0,0,0,0,0,0,0,0,0,0,0,0,0,0,0,0,0,0,0,0,0,0,0,0,0,0,0,0,0,0,0,0,0,0,0,0,0,0,0,0,0,0,0,0,0,0,0,0,0,0,0,0,0,0,0,0,0,0,0,0,0,0,0,0,0,0,0,0,0,0,0,0,0,0,0,0,0,0,0,0,0,0,0,0,0,0,0,0,0,0,0,0,0,0,0,0,0,0,0
0,0,0,0,0,0,0,0,0,0,0,0,0,0,0,0,0,0,0,0,0,0,0,0,0,0,0,0,0,0,0,0,0,0,0,0,0,0,0,0,0,0,0,0,0,0,0,0,0,0,0,0,0,0,0,0,0,0,0,0,0,0,-1.09899997711182,0,0,0,0,0,0,0,0,0,0,0,0,0,0,0,0,0,0,0,0,0,0,0,0,0,0,0,0,0,0,0,0,0,0,0,0,0,0,0,0,0,0,0,0,0,0,0,0,0,0,0,0,0,0,0,0,0,0,0,0,0,0,0,0,0,0,0,0,0,0,0,0,0,0,0,0,0,0,0,0,0,0,0,0,0,0,0,0,0,0,0,0,0,0,0,0,0,0,0,0,0,0,0,0,0,0,0,0,0,0,0,0,0,0,0,0,0,0,0,0,0,0,0,0,0,0,0,0,0,0,0,0,0,0,0,0,0
0,0,0,0,0,0,0,0,0,0,0,0,0,0,0,0,0,0,0,0,0,0,0,0,0,0,0,0,0,0,0,0,0,0,0,0,0,0,0,0,0,0,0,0,0,0,0,0,0,0,0,0,0,0,0,0,0,0,0,0,0,0,0,-1.09599995613098,0,0,0,0,0,0,0,0,0,0,0,0,0,0,0,0,0,0,0,0,0,0,0,0,0,0,0,0,0,0,0,0,0,0,0,0,0,0,0,0,0,0,0,0,0,0,0,0,0,0,0,0,0,0,0,0,0,0,0,0,0,0,0,0,0,0,0,0,0,0,0,0,0,0,0,0,0,0,0,0,0,0,0,0,0,0,0,0,0,0,0,0,0,0,0,0,0,0,0,0,0,0,0,0,0,0,0,0,0,0,0,0,0,0,0,0,0,0,0,0,0,0,0,0,0,0,0,0,0,0,0,0,0,0,0,0
0,0,0,0,0,0,0,0,0,0,0,0,0,0,0,0,0,0,0,0,0,0,0,0,0,0,0,0,0,0,0,0,0,0,0,0,0,0,0,0,0,0,0,0,0,0,0,0,0,0,0,0,0,0,0,0,0,0,0,-1.09399998188019,0,0,0,0,0,0,0,0,0,0,0,0,0,0,0,0,0,0,0,0,0,0,0,0,0,0,0,0,0,0,0,0,0,0,0,0,0,0,0,0,0,0,0,0,0,0,0,0,0,0,0,0,0,0,0,0,0,0,0,0,0,0,0,0,0,0,0,0,0,0,0,0,0,0,0,0,0,0,0,0,0,0,0,0,0,0,0,0,0,0,0,0,0,0,0,0,0,0,0,0,0,0,0,0,0,0,0,0,0,0,0,0,0,0,0,0,0,0,0,0,0,0,0,0,0,0,0,0,0,0,0,0,0,0,0,0,0,0,0,0
0,0,0,0,0,0,0,0,0,0,0,0,0,0,0,0,0,0,0,0,0,0,0,0,0,0,0,0,0,0,0,0,0,0,0,0,0,0,0,0,0,0,0,0,0,0,0,0,0,0,0,0,0,0,0,0,0,0,0,0,0,-1.09099996089935,0,0,0,0,0,0,0,0,0,0,0,0,0,0,0,0,0,0,0,0,0,0,0,0,0,0,0,0,0,0,0,0,0,0,0,0,0,0,0,0,0,0,0,0,0,0,0,0,0,0,0,0,0,0,0,0,0,0,0,0,0,0,0,0,0,0,0,0,0,0,0,0,0,0,0,0,0,0,0,0,0,0,0,0,0,0,0,0,0,0,0,0,0,0,0,0,0,0,0,0,0,0,0,0,0,0,0,0,0,0,0,0,0,0,0,0,0,0,0,0,0,0,0,0,0,0,0,0,0,0,0,0,0,0,0,0,0,0
0,0,0,0,0,0,0,0,0,0,0,0,0,0,0,0,0,0,0,0,0,0,0,0,0,0,0,0,0,0,0,0,0,0,0,0,0,0,0,0,0,0,0,0,0,0,0,0,0,0,0,0,0,0,0,0,0,0,-1.08899998664856,0,0,0,0,0,0,0,0,0,0,0,0,-1.34700000286102,-1.34899997711182,0,0,0,0,0,0,0,0,0,0,0,0,0,0,0,0,0,0,0,0,0,0,0,0,0,0,0,0,0,0,0,0,0,0,0,0,0,0,0,0,0,0,0,0,0,0,0,0,0,0,0,0,0,0,0,0,0,0,0,0,0,0,0,0,0,0,0,0,0,0,0,0,0,0,0,0,0,0,0,0,0,0,0,0,-1.09399998188019,0,0,0,0,0,0,0,0,0,0,0,0,0,0,0,0,0,0,0,0,0,0,0,0,0,0,0,0,0,0,0,0,0,0,0,0,0,0,0,0,0,0
0,0,0,0,0,0,0,0,0,0,0,0,0,0,0,0,0,0,0,0,0,0,0,0,0,0,0,0,0,0,0,0,0,0,0,0,0,0,0,0,0,0,0,0,0,0,0,0,0,0,0,0,0,0,0,0,0,0,0,0,0,0,0,0,0,0,0,0,0,0,0,0,0,0,0,0,0,0,0,0,0,0,0,0,0,0,0,0,0,0,0,0,0,0,0,0,0,0,0,0,0,0,0,0,0,0,0,0,0,0,0,0,0,0,0,0,0,0,0,0,0,0,0,0,0,0,0,0,0,0,0,0,0,0,0,0,0,0,0,0,0,0,-1.34700000286102,0,0,0,0,0,0,0,0,0,0,0,0,0,0,0,-1.09200000762939,0,0,0,0,0,0,0,0,0,0,0,0,0,0,0,0,0,0,0,0,0,0,0,0,0,0,0,0,0,0,0,0,0,0,0,0,0,0,0,0,0
0,0,0,0,0,0,0,0,0,0,0,0,0,0,0,0,0,0,0,0,0,0,0,0,0,0,0,0,0,0,0,0,0,0,0,0,0,0,0,0,0,0,0,0,0,0,0,0,0,0,0,0,0,0,0,0,0,0,0,0,0,0,0,0,0,0,0,0,0,0,0,0,0,0,0,0,0,0,0,0,0,0,0,0,0,0,0,0,0,0,0,0,0,0,0,0,0,0,0,0,0,0,0,0,0,0,0,0,0,0,0,0,0,0,0,0,0,0,0,0,0,0,0,0,0,0,0,0,0,0,0,0,0,0,0,0,0,0,0,0,0,0,0,0,0,0,0,0,0,0,0,0,0,0,0,0,0,0,0,-1.0900000333786,-1.08800005912781,0,0,-1.08899998664856,0,0,0,0,0,0,0,0,0,0,0,0,0,0,0,0,0,0,0,0,0,0,0,0,0,0,0,0,0,0,0,0,0,0,0,0
0,0,0,0,0,0,0,0,0,0,0,0,0,0,0,0,0,0,0,0,0,0,0,0,0,0,0,0,0,0,0,0,0,0,0,0,0,0,0,0,0,0,0,0,0,0,0,0,0,0,0,0,0,0,0,0,0,0,0,0,0,0,0,0,0,0,0,0,0,0,0,0,0,0,0,0,0,0,0,0,0,0,0,0,0,0,0,0,0,0,0,0,0,0,0,0,0,0,0,0,0,0,0,0,0,0,0,0,0,0,0,0,0,0,0,0,0,0,0,0,0,0,0,0,0,0,0,0,0,0,0,0,0,0,0,0,0,0,0,0,0,0,0,0,0,0,0,0,0,0,0,0,0,0,0,0,0,0,0,0,0,-1.08599996566772,0,0,0,0,0,0,0,0,0,0,0,0,0,0,0,0,0,0,0,0,0,0,0,0,0,0,0,0,0,0,0,0,0,0,0,0,0,0
0,0,0,0,0,0,0,0,0,0,0,0,0,0,0,0,0,0,0,0,0,0,0,0,0,0,0,0,0,0,0,0,0,0,0,0,0,0,0,0,0,0,0,0,0,0,0,0,0,0,0,0,0,0,0,0,0,0,0,0,0,0,0,0,0,0,0,0,0,0,0,0,0,0,0,0,0,0,0,0,0,0,0,0,0,0,0,0,0,0,0,0,0,0,0,0,0,0,0,0,0,0,0,0,0,0,0,0,0,0,0,0,0,0,0,0,0,0,0,0,0,0,0,0,0,0,0,0,0,0,0,0,0,0,0,0,0,0,0,0,0,0,0,0,0,0,0,0,0,0,0,0,0,0,0,0,0,0,0,-1.34700000286102,-1.34500002861023,0,0,-1.34599995613098,-1.34800004959106,-1.35000002384186,0,0,0,0,0,0,0,0,0,0,0,0,0,0,0,0,0,0,0,0,0,0,0,0,0,0,0,0,0,0,0,0,0,0
0,0,0,0,0,0,0,0,0,0,0,0,0,0,0,0,0,0,0,0,0,0,0,0,0,0,0,0,0,0,0,0,0,0,0,0,0,0,0,0,0,0,0,0,0,0,0,0,0,0,0,0,0,0,0,0,0,0,0,0,0,0,0,0,0,0,0,0,0,0,0,0,0,0,0,0,0,0,0,0,0,0,0,0,0,0,0,0,0,0,0,0,0,0,0,0,0,0,0,0,0,0,0,0,0,0,0,0,0,0,0,0,0,0,0,0,0,0,0,0,0,0,0,0,0,0,0,0,0,0,0,0,0,0,0,0,0,0,0,0,0,0,0,0,0,0,0,0,0,0,0,0,0,0,0,0,0,0,0,0,0,-1.34500002861023,0,0,0,0,0,0,0,0,0,0,0,0,0,0,0,0,0,0,0,0,0,0,0,0,0,0,0,0,0,0,0,0,0,0,0,0,0,0
0,0,0,0,0,0,0,0,0,0,0,0,0,0,0,0,0,0,0,0,0,0,0,0,0,0,0,0,0,0,0,0,0,0,0,0,0,0,0,0,0,0,0,0,0,0,0,0,0,0,0,0,0,0,0,0,0,-1.07000005245209,0,0,0,0,0,0,0,0,0,0,0,0,0,0,0,0,0,0,0,0,0,0,0,0,0,0,0,0,0,0,0,0,0,0,0,0,0,0,0,0,0,0,0,0,0,0,0,0,0,0,0,0,0,0,0,0,0,0,0,0,0,0,0,0,0,0,0,0,0,0,0,0,0,0,0,0,0,0,0,0,0,0,0,0,0,0,0,0,0,0,0,0,0,0,0,0,0,0,0,0,0,0,0,0,0,0,0,0,0,0,0,0,0,0,0,0,0,0,0,0,0,0,0,0,0,0,0,0,0,0,0,0,0,0,0,0,0,0,0,0,0,0
0,0,0,0,0,0,0,0,0,0,0,0,0,0,0,0,0,0,0,0,0,0,0,0,0,0,0,0,0,0,0,0,0,0,0,0,0,0,0,0,0,0,0,0,0,0,0,0,0,0,0,0,0,0,-1.06700003147125,0,-1.06700003147125,0,0,0,0,0,0,0,0,0,0,0,0,0,0,0,0,0,0,0,0,0,0,0,0,0,0,0,0,0,0,0,0,0,0,0,0,0,0,0,0,0,0,0,0,0,0,0,0,0,0,0,0,0,0,0,0,0,0,0,0,0,0,0,0,0,0,0,0,0,0,0,0,0,0,0,0,0,0,0,0,0,0,0,0,0,-1.32700002193451,0,0,0,0,0,0,0,0,0,0,0,0,0,0,0,0,0,0,0,0,0,0,0,0,0,0,0,0,0,0,0,0,0,0,0,0,0,0,0,0,0,0,0,0,0,0,0,0,0,0,0,0,0,0,0,0,0
0,0,0,0,0,0,0,0,0,0,0,0,0,0,0,0,0,0,0,0,0,0,0,0,0,0,0,0,0,0,0,0,0,0,0,0,0,0,0,0,0,0,0,0,0,0,0,0,0,0,0,0,0,0,0,0,0,0,0,0,0,0,0,0,0,0,0,0,0,0,0,-1.31599998474121,0,0,0,0,0,0,0,0,0,0,0,0,0,0,0,0,0,0,0,0,0,0,0,0,0,0,0,0,0,0,0,0,0,0,0,0,0,0,0,0,0,0,0,0,0,0,0,0,0,0,0,0,0,0,0,0,0,0,0,0,0,0,0,0,0,0,0,0,0,0,0,-1.32200002670288,0,0,0,0,0,0,0,0,0,0,0,0,0,0,0,0,0,0,0,0,0,0,0,0,0,0,0,0,0,0,0,0,0,0,0,0,0,0,0,0,0,0,0,0,0,0,0,0,0,0,0,0,0,0,0,0
0,0,0,0,0,0,0,0,0,0,0,0,0,0,0,0,0,0,0,0,0,0,0,0,0,0,0,0,0,0,0,0,0,0,0,0,0,0,0,0,0,0,0,0,0,0,0,0,0,0,0,0,0,0,0,0,0,0,0,0,0,0,0,0,0,0,0,0,0,0,0,0,0,0,0,0,0,0,0,0,0,0,0,0,0,0,0,0,0,0,0,0,0,0,0,0,0,0,0,0,0,0,0,0,0,0,0,0,0,0,0,0,0,0,0,0,0,0,0,0,0,0,0,0,0,0,0,0,0,0,0,0,0,0,0,0,0,0,0,0,0,0,0,0,0,0,0,0,0,0,0,0,0,0,0,0,0,0,0,0,0,0,0,0,0,0,0,0,0,0,0,0,0,0,0,0,0,0,0,0,0,0,0,0,0,0,0,0,0,0,0,0,0,0,0,0,0,0,0,0
0,0,0,0,0,0,0,0,0,0,0,0,0,0,0,0,0,0,0,0,0,0,0,0,0,0,0,0,0,0,0,0,0,0,0,0,0,0,0,0,0,0,0,0,0,0,0,0,0,0,0,0,0,0,0,0,0,0,0,0,0,0,0,0,0,0,0,0,0,0,0,0,0,0,0,0,0,0,0,0,0,0,0,0,0,0,0,0,0,0,0,0,0,0,0,0,0,0,0,0,0,0,0,0,0,0,0,0,0,0,0,0,0,0,0,0,0,0,0,0,0,0,0,0,0,0,0,0,0,0,0,0,0,0,0,0,0,0,0,0,0,0,0,0,0,0,0,0,0,0,0,0,0,0,0,0,0,0,0,0,0,0,0,0,0,0,0,0,0,0,0,0,0,0,0,0,0,0,0,0,0,0,0,0,0,0,0,0,0,0,0,0,0,0,0,0,0,0,0,0
0,0,0,0,0,0,0,0,0,0,0,0,0,0,0,0,0,0,0,0,0,0,0,0,0,0,0,0,0,0,0,0,0,0,0,0,0,0,0,0,0,0,0,0,0,0,0,0,0,0,0,0,0,0,0,0,0,0,0,0,0,0,0,0,0,0,0,0,0,0,0,0,0,0,0,0,0,0,0,0,0,0,0,0,0,0,0,0,0,0,0,0,0,0,0,0,0,0,0,0,0,0,0,0,0,0,0,0,0,0,0,0,0,0,0,0,0,0,0,0,0,0,0,0,0,0,0,0,0,0,0,0,0,0,0,0,0,0,0,0,0,0,0,0,0,0,0,0,0,0,0,0,0,0,0,0,0,0,0,0,0,0,0,0,0,0,0,0,0,0,0,0,0,0,0,0,0,0,0,0,0,0,0,0,0,0,0,0,0,0,0,0,0,0,0,0,0,0,0,0
0,0,0,0,0,0,0,0,0,0,0,0,0,0,0,0,0,0,0,0,0,0,0,0,0,0,0,0,0,0,0,0,0,0,0,0,0,0,0,0,0,0,0,0,0,0,0,0,0,0,0,0,0,0,0,0,0,0,0,0,0,0,0,0,0,0,0,0,0,0,0,0,0,0,0,0,0,0,0,0,0,0,0,0,0,0,0,0,0,0,0,0,0,0,0,0,0,0,0,0,0,0,0,0,0,0,0,0,0,0,0,0,0,0,0,0,0,0,0,0,0,0,0,0,0,0,0,0,0,0,0,0,0,0,0,0,0,0,0,0,0,0,0,0,-1.30799996852875,-1.30599999427795,0,0,-1.30900001525879,-1.30799996852875,0,0,-1.31099998950958,0,0,0,0,0,0,0,0,0,0,0,0,0,0,0,0,0,0,0,0,0,0,0,0,0,0,0,0,0,0,0,0,0,0,0,0,0,0,0,0,0,0,0,0,0,0,0
0,0,0,0,0,0,0,0,0,0,0,0,0,0,0,0,0,0,0,0,0,0,0,0,0,0,0,0,0,0,0,0,0,0,0,0,0,0,0,0,0,0,0,0,0,0,0,0,0,0,0,0,0,0,0,0,0,0,0,0,0,0,0,0,0,0,0,0,0,0,0,0,0,0,0,0,0,0,0,0,0,0,0,0,0,0,0,0,0,0,0,0,0,0,0,0,0,0,0,0,0,0,0,0,0,0,0,0,0,0,0,0,0,0,0,0,0,0,0,0,0,0,0,0,0,0,0,0,0,0,0,0,0,0,0,0,0,0,0,0,0,0,0,0,0,0,-1.30599999427795,0,0,0,0,0,0,-1.30900001525879,-1.30900001525879,0,-1.30999994277954,0,0,0,0,0,0,0,0,0,0,0,0,0,0,0,0,0,0,0,0,0,0,0,0,0,0,0,0,0,0,0,0,0,0,0,0,0,0,0,0,0,0,0
0,0,0,0,0,0,0,0,0,0,0,0,0,0,0,0,0,0,0,0,0,0,0,0,0,0,0,0,0,0,0,0,0,0,0,0,0,0,0,0,0,0,0,0,0,0,0,0,0,0,0,0,0,0,0,0,0,0,0,0,0,0,0,0,0,0,0,0,0,0,0,0,0,0,0,0,0,0,0,0,0,0,0,0,0,0,0,0,0,0,0,0,0,0,0,0,0,0,0,0,0,0,0,0,0,0,0,0,0,0,0,0,0,0,0,0,0,0,0,0,0,0,0,0,0,0,0,0,0,0,0,0,0,0,0,0,0,0,0,0,0,0,0,0,0,0,0,0,0,-1.30200004577637,0,-1.30400002002716,0,0,0,0,0,0,0,0,0,0,0,0,0,0,0,0,0,0,0,0,0,0,0,0,0,0,0,0,0,0,0,0,0,0,0,0,0,0,0,0,0,0,0,0,0,0,0,0
0,0,0,0,0,0,0,0,0,0,0,0,0,0,0,0,0,0,0,0,0,0,0,0,0,0,0,0,0,0,0,0,0,0,0,0,0,0,0,0,0,0,0,0,0,0,0,0,0,0,0,0,0,0,0,0,0,0,0,0,0,0,0,0,0,0,0,0,0,0,0,0,0,0,0,0,0,0,0,0,0,0,0,0,0,0,0,0,0,0,0,0,0,0,0,0,0,0,0,0,0,0,0,0,0,0,0,0,0,0,0,0,0,0,0,0,0,0,0,0,0,0,0,0,0,0,0,0,0,0,0,0,0,0,0,0,0,0,0,0,0,0,0,0,0,0,0,0,0,0,0,0,0,0,0,0,-1.30099999904633,0,0,0,0,0,0,0,0,0,0,0,0,0,0,0,0,0,0,0,0,0,0,0,0,0,0,0,0,0,0,0,0,0,0,0,0,0,0,0,0,0,0,0
0,0,0,0,0,0,0,0,0,0,0,0,0,0,0,0,0,0,0,0,0,0,0,0,0,0,0,0,0,0,0,0,0,0,0,0,0,0,0,0,0,0,0,0,0,0,0,0,0,-1.03900003433228,0,-1.03999996185303,0,0,0,0,0,0,0,0,0,0,0,0,0,0,0,0,0,0,0,0,0,0,0,0,0,0,0,0,0,0,0,0,0,0,0,0,0,0,0,0,0,0,0,0,0,0,0,0,0,0,0,0,0,0,0,0,0,0,0,0,0,0,0,0,0,0,0,0,0,0,0,0,0,0,0,0,0,0,0,0,0,0,0,0,0,0,0,0,0,0,0,0,0,0,0,0,0,0,0,0,0,0,0,0,0,0,0,0,0,0,0,0,0,0,0,0,0,0,0,0,0,0,0,0,0,0,0,0,0,0,0,0,0,0,0,0,0,0,0,0,0,0,0,0,0,0,0,0
0,0,0,0,0,0,0,0,0,0,0,0,0,0,0,0,0,0,0,0,0,0,0,0,0,0,0,0,0,0,0,0,0,0,0,0,0,0,0,0,0,0,-1.03999996185303,0,0,0,0,0,0,0,0,0,0,0,0,0,0,0,0,0,0,0,0,0,0,0,0,0,0,0,0,0,0,0,0,0,0,0,0,0,0,0,0,0,0,0,0,0,0,0,0,0,0,0,0,0,0,0,0,0,0,0,0,0,0,0,0,0,0,0,0,0,0,0,0,0,0,0,0,0,0,0,0,0,0,0,0,0,0,0,0,0,0,0,0,0,0,0,0,0,0,0,0,0,0,0,0,0,0,0,0,0,0,0,0,0,0,0,0,0,0,0,0,0,0,0,0,0,0,0,0,0,0,0,0,0,0,0,0,0,0,0,0,0,0,0,0,0,0,0,0,0,0,0,0,0,0,0,0,0
0,0,0,0,0,0,0,0,0,0,0,0,0,0,0,0,0,0,0,0,0,0,0,0,0,0,0,0,0,0,0,0,0,0,0,0,0,0,0,0,0,0,0,-1.03699994087219,0,0,0,0,-1.0349999666214,0,0,0,0,0,0,0,0,0,0,0,0,0,0,0,0,0,0,0,0,0,0,0,0,0,0,0,0,0,0,0,0,0,0,0,0,0,0,0,0,0,0,0,0,0,0,0,0,0,0,0,0,0,0,0,0,0,0,0,0,0,0,0,0,0,0,0,0,0,0,0,0,0,0,0,0,0,0,0,0,0,0,0,0,0,0,0,0,0,0,0,0,0,0,0,0,0,0,0,0,0,0,0,0,0,0,0,0,0,0,0,0,0,0,0,0,0,0,0,0,0,0,0,0,0,0,0,0,0,0,0,0,0,0,0,0,0,0,0,0,0,0,0,0,0,0,0,0,0,0,0
0,0,0,0,0,0,0,0,0,0,0,0,0,0,0,0,0,0,0,0,0,0,0,0,0,0,0,0,0,0,0,0,0,0,0,0,0,0,0,0,0,-1.03299999237061,0,0,0,0,0,0,0,0,-1.03100001811981,0,-1.02900004386902,0,0,0,0,0,0,0,0,0,0,0,0,0,0,0,0,0,0,0,0,0,0,0,0,0,0,0,0,0,0,0,0,0,0,0,0,0,0,0,0,0,0,0,0,0,0,0,0,0,0,0,0,0,0,0,0,0,0,0,0,0,0,0,0,0,0,0,0,0,0,0,0,0,0,0,0,0,0,0,0,0,0,0,0,0,0,0,0,0,0,0,0,0,0,0,0,0,0,0,0,0,0,0,0,0,0,0,0,0,0,0,0,0,0,0,0,0,0,0,0,0,0,0,0,0,0,0,0,0,0,0,0,0,0,0,0,0,0,0,0,0,0,0,0,0,0,0
0,0,0,0,0,0,0,0,0,0,0,0,0,0,0,0,0,0,0,0,0,0,0,0,0,0,0,0,0,0,0,0,0,0,0,0,0,0,0,0,-1.03199994564056,0,0,0,0,0,-1.02699995040894,0,0,0,0,0,0,0,0,0,0,0,0,0,0,0,0,0,0,0,0,0,0,0,0,0,0,0,0,0,0,0,0,0,0,0,0,0,0,0,0,0,0,0,0,0,0,0,0,0,0,0,0,0,0,0,0,0,0,0,0,0,0,0,0,0,0,0,0,0,0,0,0,0,0,0,0,0,0,0,0,0,0,0,0,0,0,0,0,0,0,0,0,0,0,0,0,0,0,0,0,0,0,0,0,0,0,0,0,0,0,0,0,0,0,0,0,0,0,0,0,0,0,0,0,0,0,0,0,0,0,0,0,0,0,0,0,0,0,0,0,0,0,0,0,0,0,0,0,0,0,0,0,0
0,0,0,0,0,0,0,0,0,0,0,0,0,0,0,0,0,0,0,0,0,0,0,0,0,0,0,0,0,0,0,0,0,0,0,0,0,0,0,0,0,0,0,0,0,0,0,0,0,0,0,0,0,0,0,0,0,0,0,0,0,0,0,0,0,0,0,0,0,0,0,0,0,0,0,0,0,0,0,0,0,0,0,0,0,0,0,0,0,0,0,0,0,0,0,0,0,0,0,0,0,0,0,0,0,0,0,0,0,0,0,0,0,0,0,0,0,0,0,0,0,0,0,0,0,0,0,0,0,0,0,0,0,0,0,0,0,0,0,0,0,0,0,0,0,0,0,0,0,0,0,0,0,0,0,0,0,0,0,0,0,0,0,0,0,0,0,0,0,0,0,0,0,0,0,0,0,0,0,0,0,0,0,0,0,0,0,0,0,0,0,0,0,0,0,0,0,0,0,0
0,0,0,0,0,0,0,0,0,0,0,0,0,-1.03999996185303,0,0,0,0,0,0,0,0,0,0,0,0,0,0,0,0,0,0,0,0,0,0,0,0,0,0,0,0,0,0,0,-1.02300000190735,0,0,0,0,0,0,0,0,-1.01800000667572,0,0,0,0,0,0,0,0,0,0,0,0,0,0,0,0,0,0,0,0,0,0,0,0,0,0,0,0,0,0,0,0,0,0,0,0,0,0,0,0,0,0,0,0,0,0,0,0,0,0,0,0,0,0,0,0,0,0,0,0,0,0,0,0,0,0,0,0,0,0,0,0,0,0,0,0,0,0,0,0,0,0,0,0,0,0,0,0,0,0,0,0,0,0,0,0,0,0,0,0,0,0,0,0,0,0,0,0,0,0,0,0,0,0,0,0,0,0,0,0,0,0,0,0,0,0,0,0,0,0,0,0,0,0,0,0,0,0,0,0,0,0,0,0,0
0,0,0,0,0,0,0,0,0,0,0,0,0,0,0,0,0,0,0,0,0,0,0,0,0,0,0,0,0,0,0,0,0,0,0,0,0,0,0,-1.02400004863739,0,0,0,0,0,0,0,0,0,0,0,0,0,0,0,0,0,0,0,0,0,0,0,0,0,0,0,0,0,0,0,0,0,0,0,0,0,0,0,0,0,0,0,0,0,0,0,0,0,0,0,0,0,0,0,0,0,0,0,0,0,0,0,0,0,0,0,0,0,0,0,0,0,0,0,0,0,0,0,0,0,0,0,0,0,0,0,0,0,0,0,0,0,0,0,0,0,0,0,0,0,0,0,0,0,0,0,0,0,0,0,0,0,0,0,0,0,0,0,0,0,0,0,0,0,0,0,0,0,0,0,0,0,0,0,0,0,0,0,0,0,0,0,0,0,0,0,0,0,0,0,0,0,0,0,0,0,0,0,0
0,0,0,0,0,0,0,0,0,0,0,0,-1.03600001335144,0,0,0,0,0,0,0,0,0,0,0,0,0,-1.02799999713898,0,-1.02699995040894,0,0,0,0,0,0,0,0,0,0,0,0,0,0,0,0,0,0,-1.01600003242493,0,0,0,0,0,0,0,0,0,0,0,0,0,0,0,0,0,0,0,0,0,0,0,0,0,0,0,0,0,0,0,0,0,0,0,0,0,0,0,0,0,0,0,0,0,0,0,0,0,0,0,0,0,0,0,0,0,0,0,0,0,0,0,0,0,0,0,0,0,0,0,0,0,0,0,0,0,0,0,0,0,0,0,0,0,0,0,0,0,0,0,0,0,0,0,0,0,0,0,0,0,0,0,0,0,0,0,0,0,0,0,0,0,0,0,0,0,0,0,0,0,0,0,0,0,0,0,0,0,0,0,0,0,0,0,0,0,0,0,0,0,0,0,0,0,0,0,0,0,0,0,0
0,0,0,0,0,0,0,0,0,0,0,0,0,0,0,-1.02999997138977,0,-1.02799999713898,0,0,0,0,0,0,0,-1.02499997615814,0,0,0,0,0,0,0,0,0,0,0,0,-1.01600003242493,0,0,0,0,0,0,0,0,0,0,0,0,0,0,0,0,0,0,0,0,0,0,0,0,0,0,0,0,0,0,0,0,0,0,0,0,0,0,0,0,0,0,0,0,0,0,0,0,0,0,0,0,0,0,0,0,0,0,0,0,0,0,0,0,0,0,0,0,0,0,0,0,0,0,0,0,0,0,0,0,0,0,0,0,0,0,0,0,0,0,0,0,0,0,0,0,0,0,0,0,0,0,0,0,0,0,0,0,0,0,0,0,0,0,0,0,0,0,0,0,0,0,0,0,0,0,0,0,0,0,0,0,0,0,0,0,0,0,0,0,0,0,0,0,0,0,0,0,0,0,0,0,0,0,0,0,0,0,0,0,0
0,0,0,0,0,0,0,0,0,0,0,0,-1.02799999713898,0,0,0,0,0,0,0,0,0,0,0,0,0,0,0,0,0,0,0,0,0,0,0,0,-1.01300001144409,0,0,0,0,0,0,0,0,0,0,0,0,0,0,0,0,0,0,0,0,0,0,0,0,0,0,0,0,0,0,0,0,0,-1.24899995326996,0,0,0,0,0,0,0,0,0,0,0,0,0,0,0,0,0,0,0,0,0,0,0,0,0,0,0,0,0,0,0,0,0,0,0,0,0,0,0,0,0,0,0,0,0,0,0,0,0,0,0,0,0,0,0,0,0,0,0,0,0,0,0,0,0,0,0,0,0,0,0,0,0,0,0,0,0,0,0,0,0,0,0,0,0,0,0,0,0,0,0,0,0,0,0,0,0,0,0,0,0,0,0,0,0,0,0,0,0,0,0,0,0,0,0,0,0,0,0,0,0,0,0,0,0,0,0,0
0,0,0,0,0,0,0,0,0,0,0,0,0,0,0,0,-1.02400004863739,0,0,0,0,0,0,0,0,0,0,0,0,0,0,0,0,0,0,0,0,-1.01199996471405,0,0,0,0,0,0,0,0,0,0,0,0,0,0,0,0,0,0,0,0,0,0,0,0,0,0,0,0,0,0,0,0,0,0,0,0,0,0,0,0,0,0,0,0,0,0,0,0,0,0,0,0,0,0,0,0,0,0,0,0,0,0,0,0,0,0,0,0,0,0,0,0,0,0,0,0,0,0,0,0,0,0,0,0,0,0,0,0,0,0,0,0,0,0,0,0,0,0,0,0,0,0,0,0,0,0,0,0,0,0,0,0,0,0,0,0,0,0,0,0,0,0,0,0,0,0,0,0,0,0,0,0,0,0,0,0,0,0,0,0,0,0,0,0,0,0,0,0,0,0,0,0,0,0,0,0,0,0,0,0,0,0
0,0,0,0,-1.02900004386902,-1.02699995040894,0,0,0,0,0,0,0,0,0,0,0,0,0,0,0,0,0,0,-1.01699995994568,0,0,0,0,0,0,0,0,0,0,0,-1.00800001621246,0,0,0,0,0,0,0,0,0,0,0,0,0,0,0,0,0,0,0,0,0,0,0,0,0,0,0,0,0,0,0,0,0,0,0,0,0,0,0,0,0,0,0,0,0,0,0,0,0,0,0,0,0,0,0,0,0,0,0,0,0,0,0,0,0,0,0,0,0,0,0,0,0,0,0,0,0,0,0,0,0,0,0,0,0,0,0,0,0,0,0,0,0,0,0,0,0,0,0,0,0,0,0,0,0,0,0,0,0,0,0,0,0,0,0,0,0,0,0,0,0,0,0,0,0,0,0,0,0,0,0,0,0,0,0,0,0,0,0,0,0,0,0,0,0,0,0,0,0,0,0,0,0,0,0,0,0,0,0,0,0,0,0
0,0,0,0,0,0,0,-1.02499997615814,-1.02199995517731,0,0,0,0,0,0,0,0,0,0,0,0,0,0,0,0,0,0,0,0,0,0,0,0,0,0,0,0,0,0,0,0,0,0,0,0,0,0,0,0,0,0,0,0,0,0,0,0,0,0,-0.995999991893768,0,0,0,0,0,0,0,0,0,0,0,0,0,0,0,0,0,0,0,0,0,0,0,0,0,0,0,0,0,0,0,0,0,0,0,0,0,0,0,0,0,0,0,0,0,0,0,0,0,0,0,0,0,0,0,0,0,0,0,0,0,0,0,0,0,0,0,0,0,0,0,0,0,0,0,0,0,0,0,0,0,0,0,0,0,0,0,0,0,0,0,0,0,0,0,0,0,0,0,0,0,0,0,0,0,0,0,0,0,0,0,0,0,0,0,0,0,0,0,0,0,0,0,0,0,0,0,0,0,0,0,0,0,0,0,0,0,0,0,0
0,-1.02600002288818,0,0,0,0,0,0,0,-1.01900005340576,0,0,0,0,0,0,0,0,0,0,0,0,0,0,-1.00999999046326,0,0,0,0,0,0,0,0,0,0,0,0,0,0,0,0,0,0,0,0,0,0,0,0,0,0,0,0,0,0,0,0,0,0,0,0,0,0,0,0,0,0,0,0,0,0,0,0,0,0,0,0,0,0,0,0,0,0,0,0,0,0,0,0,0,0,0,0,0,0,0,0,0,0,0,0,0,0,0,0,0,0,0,0,0,0,0,0,0,0,0,0,0,0,0,0,0,0,0,0,0,0,0,0,0,0,0,-1.45299994945526,-1.45500004291534,0,-1.45500004291534,0,0,0,0,0,0,0,0,0,0,0,0,0,0,0,0,0,0,0,0,0,0,0,0,0,0,0,0,0,0,0,0,0,0,0,0,0,0,0,0,0,0,0,0,0,0,0,0,0,0,0,0,0,0,0,0,0,0,0,0,0,0,0,0
0,0,0,0,0,0,0,0,0,0,0,0,-1.01499998569489,0,0,0,0,0,0,0,0,0,0,0,0,0,0,0,0,0,0,0,0,0,0,0,0,0,0,0,0,0,0,0,0,0,0,0,0,0,0,0,0,0,0,0,0,0,0,0,0,0,0,0,0,0,0,0,0,0,0,0,0,0,0,0,0,0,0,0,0,0,0,0,0,0,0,0,0,0,0,0,0,0,0,0,0,0,0,0,0,0,0,0,0,0,0,0,0,0,0,0,0,0,0,0,0,0,0,0,0,0,0,0,0,0,0,0,0,0,-1.44799995422363,-1.45099997520447,0,0,0,0,-1.4539999961853,-1.45099997520447,0,0,0,-1.4559999704361,-1.4559999704361,0,0,0,0,0,0,0,0,0,0,0,0,0,0,0,0,0,0,0,0,0,0,0,0,0,0,0,0,0,0,0,0,0,0,0,0,0,0,0,0,0,0,0,0,0,0,0,0,0,0,0,0,0,0,0,0,0
-1.01999998092651,0,0,0,0,0,0,0,0,0,0,0,0,0,0,0,0,0,0,0,0,0,0,0,0,0,0,0,0,0,0,0,0,-0.998000025749207,0,0,0,0,0,0,0,0,0,0,0,0,0,0,0,0,0,0,0,0,0,0,0,0,0,0,0,0,0,0,0,0,0,0,0,0,0,0,0,0,0,0,0,0,0,0,0,0,0,0,0,0,0,0,0,0,0,0,0,0,0,0,0,0,0,0,0,0,0,0,0,0,0,0,0,0,0,0,0,0,0,0,0,0,0,0,0,0,0,0,0,0,0,0,-1.44400000572205,-1.44700002670288,0,0,0,0,0,0,0,0,-1.44799995422363,-1.44799995422363,-1.45200002193451,0,0,0,0,0,0,0,0,0,0,0,0,0,0,0,0,0,0,0,0,0,0,0,0,0,0,0,0,0,0,0,0,0,0,0,0,0,0,0,0,0,0,0,0,0,0,0,0,0,0,0,0,0,0,0,0,0,0,0
0,0,0,0,0,0,0,0,0,0,0,-1.00899994373322,0,0,0,0,0,0,0,0,0,0,0,0,0,0,0,0,0,0,0,0,0,0,0,0,-0.99099999666214,0,0,0,0,0,0,0,0,0,0,0,0,0,0,0,0,0,0,0,0,0,0,0,0,0,0,0,0,0,0,0,0,0,0,0,0,0,0,0,0,0,0,0,0,0,0,0,0,0,0,0,0,0,0,0,0,0,0,0,0,0,0,0,0,0,0,0,0,0,0,0,0,0,0,0,0,0,0,0,0,0,0,0,0,0,0,0,0,0,-1.43900001049042,-1.44099998474121,0,0,0,0,0,0,0,0,0,0,0,0,0,0,0,0,0,0,0,0,0,0,0,0,0,0,0,0,0,0,0,0,0,0,0,0,0,0,0,0,0,0,0,0,0,0,0,0,0,0,0,0,0,0,0,0,0,0,0,0,0,0,0,0,0,0,0,0,0,0,0,0
0,0,0,-1.00999999046326,0,0,0,0,0,0,0,0,0,0,0,0,0,0,0,0,0,0,0,0,0,0,0,0,0,0,0,0,0,0,0,0,0,0,0,0,0,0,0,0,0,0,0,0,0,0,0,0,0,0,0,0,0,0,0,0,0,0,0,0,0,0,0,0,0,0,0,0,0,0,0,0,0,0,0,0,0,0,0,0,0,0,0,0,0,0,0,0,0,0,0,0,0,0,0,0,0,0,0,0,0,0,0,0,-1.432000041008,0,0,0,0,0,0,-1.43099999427795,-1.42999994754791,-1.432000041008,0,0,0,0,0,0,-1.43299996852875,0,0,0,0,0,0,0,0,0,0,0,0,0,0,0,0,0,0,-1.44200003147125,0,0,0,0,0,0,0,0,0,0,0,0,0,0,0,0,0,0,0,0,0,0,0,0,0,0,0,0,0,0,0,0,0,0,0,0,0,0,0,0,0,0,0,0,0,0,0,0,0,0,0,0,0,0,0,0
0,0,0,0,0,-1.00800001621246,0,0,0,0,0,0,0,0,0,0,0,0,0,0,0,0,-0.992999970912933,0,0,0,0,0,0,0,0,0,0,0,0,0,0,0,0,0,0,0,0,0,0,0,0,0,0,0,0,0,0,0,0,0,0,0,0,0,0,0,0,0,0,0,0,0,0,0,0,-1.21300005912781,0,0,0,0,0,0,0,0,0,0,0,0,0,0,0,0,0,0,0,0,0,0,0,0,0,0,0,0,0,0,0,0,0,0,0,0,0,0,0,0,0,0,-1.42700004577637,0,0,0,-1.42999994754791,-1.42999994754791,-1.42999994754791,-1.42999994754791,0,-1.43099999427795,0,0,0,0,0,0,0,0,0,0,0,0,0,0,0,0,0,0,0,0,0,0,0,0,0,0,0,0,0,0,0,0,0,0,0,0,0,0,0,0,0,0,0,0,0,0,0,0,0,0,0,0,0,0,0,0,0,0,0,0,0,0,0,0,0,0,0,0,0,0,0,0,0,0,0,0
0,-1.00699996948242,0,0,0,0,0,0,0,0,0,0,0,0,0,0,0,0,0,0,0,0,0,0,0,0,0,0,0,0,0,0,-0.986000001430511,0,0,0,0,0,0,0,0,0,0,0,0,0,0,0,0,0,0,0,0,0,0,0,0,0,0,0,0,0,0,0,0,0,0,0,0,0,0,0,0,0,0,0,0,0,0,0,0,0,0,0,0,0,0,0,0,0,0,0,0,0,0,0,0,0,-1.4210000038147,-1.4210000038147,-1.4210000038147,-1.42200005054474,-1.42299997806549,-1.42200005054474,-1.42200005054474,-1.42200005054474,-1.42200005054474,0,0,0,0,0,-1.4210000038147,-1.42400002479553,0,0,0,0,0,0,0,0,0,0,0,0,0,0,0,0,0,0,0,0,0,0,0,0,0,0,0,0,0,0,0,0,0,0,0,0,0,0,0,0,0,0,0,0,0,0,0,0,0,0,0,0,0,0,0,0,0,0,0,0,0,0,0,0,0,0,0,0,0,0,0,0,0,0,0,0,0,0,0,0,0,0,0,0,0,0
0,0,0,0,0,0,0,0,0,0,0,0,0,0,0,0,0,0,0,0,0,0,0,0,0,0,0,0,0,0,0,0,-0.981000006198883,0,0,-0.98199999332428,0,0,0,0,0,0,0,0,0,0,0,0,0,0,0,0,0,0,0,0,0,0,0,0,0,0,0,0,0,0,0,0,0,0,0,0,0,0,0,0,0,0,0,0,0,0,0,0,0,0,0,-1.41600000858307,0,-1.41600000858307,-1.41600000858307,-1.41700005531311,0,-1.41700005531311,-1.41700005531311,-1.41799998283386,0,-1.4190000295639,0,0,0,0,0,0,0,0,0,0,0,0,-1.41799998283386,0,0,0,0,0,0,0,0,0,0,0,0,0,0,0,0,0,0,0,0,0,0,0,0,0,0,0,0,0,0,0,0,0,0,0,0,0,0,0,0,0,0,0,0,0,0,0,0,0,0,0,0,0,0,0,0,0,0,0,0,0,0,0,0,0,0,0,0,0,0,0,0,0,0,0,0,0,0,0,0,0,0,0,0,0,0,0,0,0
-1.00300002098083,0,0,0,0,0,0,0,0,0,0,0,0,0,0,0,0,0,0,0,0,-0.986000001430511,0,0,0,0,0,0,0,0,0,0,0,0,0,0,0,0,0,0,0,0,0,0,0,0,0,0,0,0,0,0,0,0,0,0,0,0,0,0,0,0,0,0,0,0,0,0,0,0,-1.20099997520447,0,0,0,0,0,0,0,0,0,0,0,-1.41400003433228,-1.41499996185303,-1.41600000858307,-1.41499996185303,-1.41600000858307,0,-1.41600000858307,0,0,0,0,0,0,0,0,0,0,0,0,0,0,0,0,0,0,0,0,-1.41400003433228,0,0,0,0,0,0,0,0,0,0,0,0,0,0,0,0,0,0,0,0,0,0,0,0,0,0,0,0,0,0,0,0,0,0,0,0,0,0,0,0,0,0,0,0,0,0,0,0,0,0,0,0,0,0,0,0,0,0,0,0,0,0,0,0,0,0,0,0,0,0,0,0,0,0,0,0,0,0,0,0,0,0,0,0,0,0,0,0,0,0
0,0,0,0,0,0,0,0,0,0,0,0,0,0,0,0,0,0,0,0,0,0,0,0,0,0,0,0,0,0,0,0,0,0,0,0,0,0,0,0,0,0,0,0,0,0,0,0,0,0,0,0,0,0,0,0,0,0,0,0,0,0,0,0,0,0,0,0,0,0,0,0,0,0,0,0,0,0,0,0,-1.4099999666214,-1.41100001335144,0,0,0,0,0,0,0,0,0,0,0,0,0,0,0,0,0,0,0,0,0,0,0,0,0,0,0,0,0,0,0,0,0,0,0,0,0,0,0,0,0,0,0,0,0,0,0,0,0,0,0,0,0,0,0,0,0,0,0,0,0,0,0,0,0,0,0,0,0,0,0,0,0,0,0,0,0,0,0,0,0,0,0,0,0,0,0,0,0,0,0,0,0,0,0,0,0,0,0,0,0,0,0,0,0,0,0,0,0,0,0,0,0,0,0,0,0,0
0,0,0,0,0,0,0,0,0,0,0,0,0,0,0,0,0,0,0,0,0,0,0,0,0,0,0,0,0,0,0,0,0,0,0,0,0,0,0,0,0,0,0,0,0,0,0,0,0,0,0,0,0,0,0,0,0,0,0,0,0,0,0,0,0,0,0,0,0,0,0,0,0,0,0,0,0,-1.40600001811981,-1.40600001811981,-1.40799999237061,0,0,0,0,0,0,0,0,0,0,0,0,0,0,0,0,0,0,0,0,0,0,0,0,0,0,0,0,0,0,0,0,0,0,0,0,0,0,0,0,0,0,0,0,0,0,0,0,0,0,0,0,0,0,0,0,0,0,0,0,0,0,0,-1.41499996185303,0,0,0,0,0,0,0,0,0,0,0,0,0,0,0,0,0,0,0,0,0,0,0,0,0,0,0,0,0,0,0,0,0,0,0,0,0,0,0,0,0,0,0,0,0,0,0,0,0,0,0,0,0,0,0,0
0,0,0,0,0,0,0,0,0,0,0,0,0,0,0,0,0,0,0,0,0,0,0,0,0,0,0,0,0,0,0,0,0,0,0,0,0,0,0,0,0,0,0,0,0,0,0,0,0,0,0,0,0,0,0,0,0,0,0,0,0,0,0,0,0,0,0,0,0,0,0,0,0,0,0,0,-1.40299999713898,0,0,0,0,0,0,0,0,0,0,0,0,0,0,0,0,0,0,0,0,0,0,0,0,0,0,0,0,0,0,0,0,0,0,0,0,0,0,0,0,0,0,0,0,0,0,0,0,0,0,0,0,0,0,0,0,0,0,0,0,0,0,0,0,0,0,0,0,0,0,0,0,0,0,0,0,0,0,0,0,0,0,0,0,0,0,0,0,0,0,0,0,0,0,0,0,0,0,0,0,0,0,0,0,0,0,0,0,0,0,0,0,0,0,0,0,0,0,0,0,0,0,0
0,0,0,0,0,0,0,0,0,0,0,0,0,0,0,0,0,0,0,0,0,0,0,0,-0.970000028610229,0,0,0,0,0,0,-0.967000007629395,0,0,0,0,0,0,0,0,0,0,0,0,0,0,0,0,0,0,0,0,0,0,0,0,0,0,0,0,0,0,0,0,0,0,0,0,0,0,0,0,0,0,0,-1.39800000190735,0,0,0,0,0,0,0,0,0,0,0,0,0,0,0,0,0,0,0,0,0,0,0,0,0,0,0,0,0,0,0,0,0,0,0,0,0,0,0,0,0,0,0,0,0,0,0,0,0,0,0,0,0,0,0,0,0,0,0,0,0,0,0,0,0,0,0,0,0,0,0,0,0,0,0,0,0,0,0,0,0,0,0,0,0,0,0,0,0,0,0,0,0,0,0,0,0,0,0,0,0,0,0,0,0,0,0,0,0,0,0,0,0,0,0,0,0,0,0,0,0,0,0,0
0,0,0,0,0,0,0,0,0,0,0,0,0,0,0,0,0,0,0,0,0,0,0,0,0,0,0,0,0,0,0,0,0,0,0,0,0,0,0,0,0,0,0,0,0,0,0,0,0,0,0,0,0,0,0,0,0,0,0,0,0,0,0,0,0,0,0,0,0,0,0,0,0,0,0,0,0,0,0,0,0,0,0,0,0,0,0,0,0,0,0,0,0,0,0,0,0,0,0,0,0,0,0,0,0,0,0,0,0,0,0,0,0,0,0,0,0,0,0,0,0,0,0,0,0,0,0,0,0,0,0,0,0,0,0,0,0,0,0,0,0,0,0,0,0,0,0,0,0,0,0,0,0,0,0,0,0,0,0,0,0,0,0,0,0,0,0,0,0,0,0,0,0,0,0,0,0,0,0,0,0,0,0,0,0,0,0,0,0,0,0,0,0,0,0,0,0,0,0,0
0,0,0,0,0,0,0,0,0,0,0,0,0,0,0,0,0,0,0,0,0,0,0,0,0,-0.964999973773956,0,0,0,0,0,0,0,0,0,0,0,0,0,0,0,0,0,0,0,0,0,0,0,0,0,0,0,0,0,0,0,0,0,0,0,0,0,0,0,0,0,0,0,0,0,0,0,0,0,0,0,0,0,0,0,0,0,0,0,0,0,0,0,0,0,0,0,0,0,0,0,0,0,0,0,0,0,0,0,0,0,0,0,0,0,0,0,0,0,0,0,0,0,0,0,0,0,0,0,0,0,0,0,0,0,0,0,0,0,0,0,0,0,0,0,0,0,0,-1.39800000190735,0,0,0,0,0,0,0,0,0,0,0,0,0,0,0,0,0,0,0,0,0,0,0,0,0,0,0,0,0,0,0,0,0,0,0,0,0,0,0,0,0,0,0,0,0,0,0,0,0,0,0,0,0,0,0
0,0,0,0,0,0,0,0,0,0,0,0,0,0,0,0,0,0,0,0,0,0,0,0,0,0,0,0,0,0,0,0,0,0,0,0,0,0,0,0,0,0,0,0,0,0,0,0,0,0,0,0,0,0,0,0,0,0,0,0,0,0,0,0,0,0,0,0,0,0,0,0,0,0,0,0,0,0,0,0,0,0,0,0,0,0,0,0,0,0,0,0,0,0,0,0,0,0,0,0,0,0,0,0,0,0,0,0,0,0,0,0,0,0,0,0,0,0,0,0,0,0,0,0,0,0,0,0,0,0,0,0,0,0,0,0,0,0,0,0,0,0,0,0,0,0,0,0,0,0,0,0,0,0,0,0,0,0,0,0,0,0,0,0,0,0,0,0,0,0,0,0,0,0,0,0,0,0,0,0,0,0,0,0,0,0,0,0,0,0,0,0,0,0,0,0,0,0,0,0
0,0,0,0,0,0,0,0,0,0,0,0,0,0,0,0,0,0,0,0,0,0,0,0,0,0,0,0,0,0,0,0,0,0,0,0,0,0,0,0,0,0,0,0,0,0,0,0,0,0,0,0,0,0,0,0,0,0,0,0,0,0,0,0,0,0,0,0,0,0,0,0,0,0,-1.38100004196167,0,0,0,0,0,0,0,0,0,0,0,0,0,0,0,0,0,0,0,0,0,0,0,0,0,0,0,0,0,0,0,0,0,0,0,0,0,0,0,0,0,0,0,0,0,0,0,0,0,0,0,0,0,0,0,0,0,0,0,0,0,0,0,0,0,0,0,0,0,0,0,0,0,0,0,0,0,0,0,0,0,0,0,0,0,0,0,0,0,0,0,0,0,0,0,0,0,0,0,0,0,0,0,0,0,0,0,0,0,0,0,0,0,0,0,0,0,0,0,0,0,0,0,0,0
0,0,0,0,0,0,0,0,0,0,0,0,0,0,0,0,0,0,0,0,0,0,0,0,0,0,0,0,0,0,0,0,0,0,0,0,0,0,0,0,0,0,0,0,0,0,0,0,0,0,0,0,0,0,0,0,0,0,0,0,0,0,0,0,0,0,0,0,0,0,-1.1690000295639,0,0,0,0,0,0,0,0,0,0,0,0,0,0,0,0,0,0,0,0,0,0,0,0,0,0,0,0,0,0,0,0,0,0,0,0,0,0,0,0,0,0,0,0,0,0,0,0,0,0,0,0,0,0,0,0,0,0,0,0,0,0,0,0,0,0,0,0,0,0,0,0,0,0,0,0,0,0,0,0,0,0,0,0,0,0,0,0,0,0,0,0,0,0,0,0,0,0,0,0,0,0,0,0,0,0,0,0,0,0,0,0,0,0,0,0,0,0,0,0,0,0,0,0,0,0,0,0,0
0,0,0,0,0,0,0,0,0,0,0,0,0,0,0,0,0,0,0,0,0,0,0,0,0,0,0,0,0,0,0,0,0,0,0,0,0,0,0,0,0,0,0,0,0,0,0,0,0,0,0,0,0,0,0,0,0,0,0,0,0,0,0,0,0,0,0,0,0,0,0,0,0,0,0,0,0,0,0,0,0,0,0,0,0,0,0,0,0,0,0,0,0,0,0,0,0,0,0,0,0,0,0,0,0,0,0,0,0,0,0,0,0,0,0,0,0,0,0,0,0,0,0,0,0,0,0,0,0,0,0,0,0,0,0,0,0,0,0,0,0,0,0,0,0,0,0,0,0,0,0,0,0,0,0,0,0,0,0,0,0,0,0,0,0,0,0,0,0,0,0,0,0,0,0,0,0,0,0,0,0,0,0,0,0,0,0,0,0,0,0,0,0,0,0,0,0,0,0,0
0,0,0,0,0,0,0,0,0,0,0,0,0,0,0,0,0,0,0,0,0,0,0,0,0,0,0,0,0,0,0,0,0,0,0,0,0,0,0,0,0,0,0,0,0,0,0,0,0,0,0,0,0,0,0,0,0,0,0,0,0,0,0,0,0,0,0,0,0,0,0,0,0,0,0,0,0,0,0,0,0,0,0,0,0,0,0,0,0,0,0,0,0,0,0,0,0,0,0,0,0,0,0,0,0,0,0,0,0,0,0,0,0,0,0,0,0,0,0,0,0,0,0,0,0,0,0,0,0,0,0,0,0,0,0,0,0,0,0,0,0,0,0,0,-1.37899994850159,0,0,0,0,0,0,0,0,0,0,0,0,0,0,0,0,0,0,0,0,0,0,0,0,0,0,0,0,0,0,0,0,0,0,0,0,0,0,0,0,0,0,0,0,0,0,0,0,0,0,0,0,0,0,0
0,0,0,0,0,0,0,0,0,0,0,0,0,0,0,0,0,0,0,0,0,0,0,0,0,0,0,0,0,0,0,0,0,0,0,0,0,0,0,0,0,0,0,0,0,0,0,0,0,0,0,0,0,0,0,0,0,0,0,0,0,0,0,0,0,0,0,0,-1.15699994564056,-1.15799999237061,0,0,0,0,0,0,0,0,0,0,0,0,0,0,0,0,0,0,0,0,0,0,0,0,0,0,0,0,0,0,0,0,0,0,0,0,0,0,0,0,0,0,0,0,0,0,0,0,0,0,0,0,0,0,0,0,0,0,0,0,0,0,0,0,0,0,0,0,0,0,0,0,0,0,0,-1.37199997901917,0,0,0,0,0,0,0,0,0,0,0,0,0,0,0,0,0,0,0,0,0,0,0,0,0,0,0,0,0,0,0,0,0,0,0,0,0,0,0,0,0,0,0,0,0,0,0,0,0,0,0,0,0,0
0,0,0,0,0,0,0,0,0,0,0,0,0,0,0,0,0,0,0,0,0,0,0,0,0,0,0,0,0,0,0,0,0,0,0,0,0,0,0,0,0,0,0,0,0,0,0,0,0,0,0,0,0,0,0,0,0,0,0,0,0,0,0,0,0,0,0,0,0,0,0,0,0,0,0,0,0,0,0,0,0,0,0,0,0,0,0,0,0,0,0,0,0,0,0,0,0,0,0,0,0,0,0,0,0,0,0,0,0,0,0,0,0,0,0,0,0,0,0,0,0,0,0,0,0,0,0,0,0,0,0,0,0,0,0,0,0,0,0,0,0,0,0,0,0,0,0,0,0,0,0,0,0,0,0,0,0,0,0,0,0,0,0,0,0,0,0,0,0,0,0,0,0,0,0,0,0,0,0,0,0,0,0,0,0,0,0,0,0,0,0,0,0,0,0,0,0,0,0,0
0,0,0,0,0,0,0,0,0,0,0,0,0,0,0,0,0,0,0,0,0,0,0,0,0,0,0,0,0,0,0,0,0,0,0,0,0,0,0,0,0,0,0,0,0,0,0,0,0,0,0,0,0,0,0,0,0,0,0,0,0,0,0,0,0,0,0,-1.14900004863739,0,0,0,0,0,0,0,0,0,0,0,0,0,0,0,0,0,0,0,0,0,0,0,0,0,0,0,0,0,0,0,0,0,0,0,0,0,0,0,0,0,0,0,0,0,0,0,0,0,0,0,0,0,0,0,0,0,0,0,0,0,0,0,0,0,0,0,0,0,0,0,0,0,0,0,0,0,0,0,0,0,0,0,0,0,0,0,0,0,0,0,0,0,0,0,0,0,0,0,0,0,0,0,0,0,0,0,0,0,0,0,0,0,0,0,0,0,0,0,0,0,0,0,0,0,0,0,0,0,0,0,0
0,0,0,0,0,0,0,0,0,0,0,0,0,0,0,0,0,0,0,0,0,0,0,0,0,0,0,0,0,0,0,0,0,0,0,0,0,0,0,0,0,0,0,0,0,0,0,0,0,0,0,0,0,0,0,0,0,0,0,0,0,0,0,0,0,0,-1.14499998092651,0,0,0,0,0,0,0,0,0,0,0,0,0,0,0,0,0,0,0,0,0,0,0,0,0,0,0,0,0,0,0,0,0,0,0,0,0,0,0,0,0,0,0,0,0,0,0,0,0,0,0,0,0,0,0,0,0,0,0,0,0,0,0,0,0,0,0,0,0,0,0,0,0,0,0,0,0,0,0,-1.36099994182587,-1.36000001430511,0,0,0,0,0,0,0,0,0,0,0,0,0,0,0,0,0,0,0,0,0,0,0,0,0,0,0,0,0,0,0,0,0,0,0,0,0,0,0,0,0,0,0,0,0,0,0,0,0,0,0,0
0,0,0,0,0,0,0,0,0,0,0,0,0,0,0,0,0,0,0,0,0,0,0,0,0,0,0,0,0,0,0,0,0,0,0,0,0,0,0,0,0,0,0,0,0,0,0,0,0,0,0,0,0,0,0,0,0,0,0,0,0,0,0,0,0,-1.13999998569489,0,0,0,0,0,0,0,0,0,0,0,0,0,0,0,0,0,0,0,0,0,0,0,0,0,0,0,0,0,0,0,0,0,0,0,0,0,0,0,0,0,0,0,0,0,0,0,0,0,0,0,0,0,0,0,0,0,0,0,0,0,0,0,0,0,0,0,0,0,0,0,0,0,0,0,0,0,0,0,0,0,0,-1.35599994659424,0,0,0,0,0,0,0,0,0,0,0,0,0,0,0,0,0,0,0,0,0,0,0,0,0,0,0,0,0,0,0,0,0,0,0,0,0,0,0,0,0,0,0,0,0,0,0,0,0,0,0
0,0,0,0,0,0,0,0,0,0,0,0,0,0,0,0,0,0,0,0,0,0,0,0,0,0,0,0,0,0,0,0,0,0,0,0,0,0,0,0,0,0,0,0,0,0,0,0,0,0,0,0,0,0,0,0,0,0,0,0,0,0,0,0,0,0,0,0,0,0,0,0,0,0,0,0,0,0,0,0,0,0,0,0,0,0,0,0,0,0,0,0,0,0,0,0,0,0,0,0,0,0,0,0,0,0,0,0,0,0,0,0,0,0,0,0,0,0,0,0,0,0,0,0,0,0,0,0,0,0,0,0,0,0,0,0,0,0,0,0,0,0,0,0,0,0,0,0,0,-1.35399997234344,-1.35399997234344,0,0,0,0,0,0,0,0,0,0,0,0,0,0,0,0,0,0,0,0,0,0,0,0,0,0,0,0,0,0,0,0,0,0,0,0,0,0,0,0,0,0,0,0,0,0,0,0,0
0,0,0,0,0,0,0,0,0,0,0,0,0,0,0,0,0,0,0,0,0,0,0,0,0,0,0,0,0,0,0,0,0,0,0,0,0,0,0,0,0,0,0,0,0,0,0,0,0,0,0,0,0,0,0,0,0,0,0,0,0,0,0,0,-1.13399994373322,0,0,0,0,0,0,0,0,0,0,0,0,0,0,0,0,0,0,0,0,0,0,0,0,0,0,0,0,0,0,0,0,0,0,0,0,0,0,0,0,0,0,0,0,0,0,0,0,0,0,0,0,0,0,0,0,0,0,0,0,0,0,0,0,0,0,0,0,0,0,0,0,0,0,0,0,0,0,0,0,0,0,0,0,0,-1.35099995136261,-1.34899997711182,0,0,0,0,0,0,0,0,0,0,0,0,0,0,0,0,0,0,0,0,0,0,0,0,0,0,0,0,0,0,0,0,0,0,0,0,0,0,0,0,0,0,0,0,0,0,0,0
0,0,0,0,0,0,0,0,0,0,0,0,0,0,0,0,0,0,0,0,0,0,0,0,0,0,0,0,0,0,0,0,0,0,0,0,0,0,0,0,0,0,0,0,0,0,0,0,0,0,0,0,0,0,0,0,0,0,0,0,0,0,0,0,0,0,0,0,0,0,0,0,0,0,0,0,0,0,0,0,0,0,0,0,0,0,0,0,0,0,0,0,0,0,0,0,0,0,0,0,0,0,0,0,0,0,0,0,0,0,0,0,0,0,0,0,0,0,0,0,0,0,0,0,0,0,0,0,0,0,0,0,0,0,0,0,0,0,0,0,0,0,0,0,0,0,0,0,0,0,0,0,0,0,0,-1.34599995613098,0,0,0,0,0,0,0,0,0,0,0,0,0,0,0,0,0,0,0,0,0,0,0,0,0,0,0,0,0,0,0,0,0,0,0,0,0,0,0,0,0,0,0,0
0,0,0,0,0,0,0,0,0,0,0,0,0,0,0,0,0,0,0,0,0,0,0,0,0,0,0,0,0,0,0,0,0,0,0,0,0,0,0,0,0,0,0,0,0,0,0,0,0,0,0,0,0,0,0,0,-1.13100004196167,-1.13100004196167,0,-1.12899994850159,0,0,0,-1.12600004673004,0,0,0,0,0,0,0,0,0,0,0,0,0,0,0,0,0,0,0,0,0,0,0,0,0,0,0,0,0,0,0,0,0,0,0,0,0,0,0,0,0,0,0,0,0,0,0,0,0,0,0,0,0,0,0,0,0,0,0,0,0,0,0,0,0,0,0,0,0,0,0,0,0,0,0,0,0,0,0,0,0,0,0,0,0,0,0,0,-1.34399998188019,-1.34500002861023,0,0,-1.34500002861023,0,0,0,0,0,0,0,0,0,0,0,0,0,0,0,0,0,0,0,0,0,0,0,0,0,0,0,0,0,0,0,0,0,0,0,0,0,0,0,0,0,0,0
0,0,0,0,0,0,0,0,0,0,0,0,0,0,0,0,0,0,0,0,0,0,0,0,0,0,0,0,0,0,0,0,0,0,0,0,0,0,0,0,0,0,0,0,0,0,0,0,0,0,0,0,0,0,0,0,0,0,0,0,0,-1.12600004673004,0,0,0,0,0,0,0,0,0,0,0,0,0,0,0,0,0,0,0,0,0,0,0,0,0,0,0,0,0,0,0,0,0,0,0,0,0,0,0,0,0,0,0,0,0,0,0,0,0,0,0,0,0,0,0,0,0,0,0,0,0,0,0,0,0,0,0,0,0,0,0,0,0,0,0,0,0,0,0,0,0,0,0,0,0,0,0,0,0,0,0,0,0,0,0,0,0,0,0,0,0,0,0,0,0,0,0,0,0,0,0,0,0,0,0,0,0,0,0,0,0,0,0,0,0,0,0,0,0,0,0,0,0,0,0,0,0,0
0,0,0,0,0,0,0,0,0,0,0,0,0,0,0,0,0,0,0,0,0,0,0,0,0,0,0,0,0,0,0,0,0,0,0,0,0,0,0,0,0,0,0,0,0,0,0,0,0,0,0,0,0,0,0,-1.12399995326996,0,0,0,0,0,-1.12100005149841,0,-1.12000000476837,0,0,0,0,0,0,0,0,0,0,0,0,0,0,0,0,0,0,0,0,0,0,0,0,0,0,0,0,0,0,0,0,0,0,0,0,0,0,0,0,0,0,0,0,0,0,0,0,0,0,0,0,0,0,0,0,0,0,0,0,0,0,0,0,0,0,0,0,0,0,0,0,0,0,0,0,0,0,0,0,0,0,0,0,0,0,0,0,0,0,0,0,0,0,0,0,0,0,0,0,0,0,0,0,0,0,0,0,0,0,0,0,0,0,0,0,0,0,0,0,0,0,0,0,0,0,0,0,0,0,0,0,0,0,0,0
0,0,0,0,0,0,0,0,0,0,0,0,0,0,0,0,0,0,0,0,0,0,0,0,0,0,0,0,0,0,0,0,0,0,0,0,0,0,0,0,0,0,0,0,0,0,0,0,0,0,0,0,0,0,0,0,0,0,0,0,-1.11899995803833,0,0,0,0,0,0,0,0,0,0,0,0,0,-1.31599998474121,0,0,0,0,0,0,0,0,0,0,0,0,0,0,0,0,0,0,0,0,0,0,0,0,0,0,0,0,0,0,0,0,0,0,0,0,0,0,0,0,0,0,0,0,0,0,0,0,0,0,0,0,0,0,0,0,0,0,0,0,0,0,0,0,0,0,0,0,0,0,0,0,0,0,0,0,0,0,0,0,0,0,0,0,0,0,0,0,0,0,0,0,0,0,0,0,0,0,0,0,0,0,0,0,0,0,0,0,0,0,0,0,0,0,0,0,0,0,0,0,0,0,0,0,0
0,0,0,0,0,0,0,0,0,0,0,0,0,0,0,0,0,0,0,0,0,0,0,0,0,0,0,0,0,0,0,0,0,0,0,0,0,0,0,0,0,0,0,0,0,0,0,0,0,0,0,0,0,0,0,0,0,0,0,0,0,0,0,0,0,0,0,0,0,0,0,0,0,0,0,0,0,0,0,0,0,0,0,0,0,0,0,0,0,0,0,0,0,0,0,0,0,0,0,0,0,0,0,0,0,0,0,0,0,0,0,0,0,0,0,0,0,0,0,0,0,0,0,0,0,0,0,0,0,0,0,0,0,0,0,0,0,0,0,0,0,0,0,0,0,0,0,0,0,0,0,0,0,0,0,0,0,0,0,0,0,0,0,0,0,0,0,0,0,0,0,0,0,0,0,0,0,0,0,0,0,0,0,0,0,0,0,0,0,0,0,0,0,0,0,0,0,0,0,0
0,0,0,0,0,0,0,0,0,0,0,0,0,0,0,0,0,0,0,0,0,0,0,0,0,0,0,0,0,0,0,0,0,0,0,0,0,0,0,0,0,0,0,0,0,0,0,0,0,0,0,0,0,0,0,0,0,0,0,0,0,0,0,0,0,0,0,0,0,0,0,0,0,0,0,0,0,0,0,0,0,0,0,0,0,0,0,0,0,0,0,0,0,0,0,0,0,0,0,0,0,0,0,0,0,0,0,0,0,0,0,0,0,0,0,0,0,0,0,0,0,0,0,0,0,0,0,0,0,0,0,0,0,0,0,0,0,0,0,0,0,0,0,0,0,0,0,0,0,0,0,0,0,0,0,0,0,0,0,0,0,0,0,0,0,0,0,0,0,0,0,0,0,0,0,0,0,0,0,0,0,0,0,0,0,0,0,0,0,0,0,0,0,0,0,0,0,0,0,0
0,0,0,0,0,0,0,0,0,0,0,0,0,0,0,0,0,0,0,0,0,0,0,0,0,0,0,0,0,0,0,0,0,0,0,0,0,0,0,0,0,0,0,0,-1.11600005626678,0,0,0,0,0,-1.11199998855591,0,0,0,0,-1.10899996757507,0,0,0,0,0,0,0,0,0,0,0,0,0,0,0,0,0,0,0,0,0,0,0,0,0,0,0,0,0,0,0,0,0,0,0,0,0,0,0,0,0,0,0,0,0,0,0,0,0,0,0,0,0,0,0,0,0,0,0,0,0,0,0,0,0,0,0,0,0,0,0,0,0,0,0,0,0,0,0,0,0,0,0,0,0,0,0,0,0,0,0,0,0,0,0,0,0,0,0,0,0,0,0,0,0,0,0,0,0,0,0,0,0,0,0,0,0,0,0,0,0,0,0,0,0,0,0,0,0,0,0,0,0,0,0,0,0,0,0,0,0,0,0,0
0,0,0,0,0,0,0,0,0,0,0,0,0,0,0,0,0,0,0,0,0,0,0,0,0,0,0,0,0,0,0,0,0,0,0,0,0,0,0,0,0,0,0,0,0,0,0,0,0,0,0,0,0,0,0,-1.10399997234344,0,0,0,0,0,0,0,0,0,0,0,0,0,0,0,0,0,0,0,0,0,0,0,0,0,0,0,0,0,0,0,0,0,0,0,0,0,0,0,0,0,0,0,0,0,0,0,0,0,0,0,0,0,0,0,0,0,0,0,0,0,0,0,0,0,0,0,0,0,0,0,0,0,0,0,0,0,0,0,0,0,0,0,0,0,0,0,0,0,0,0,0,0,0,0,0,0,0,0,0,0,0,0,0,0,0,0,0,0,0,0,0,0,0,0,0,0,0,0,0,0,0,0,0,0,0,0,0,0,0,0,0,0,0,0,0,0,0,0,0,0,0,0,0
0,0,0,0,0,0,0,0,0,0,0,0,0,0,0,0,0,0,0,0,0,0,0,0,0,0,0,0,0,0,0,0,0,0,0,0,0,0,0,0,0,0,0,-1.10699999332428,0,0,0,0,0,-1.10500001907349,0,0,0,-1.10199999809265,0,0,0,0,0,0,0,0,0,0,0,0,0,0,0,0,0,0,0,0,0,0,0,0,0,0,0,0,0,0,0,0,0,0,0,0,0,0,0,0,0,0,0,0,0,0,0,0,0,0,0,0,0,0,0,0,0,0,0,0,0,0,0,0,0,0,0,0,0,0,0,0,0,0,0,0,0,0,0,0,0,0,0,0,0,0,0,0,0,0,0,0,0,0,0,0,0,0,0,0,0,0,0,0,0,0,0,0,0,0,0,0,0,0,0,0,0,0,0,0,0,0,0.314999997615814,0,0,0,0,0,0,0,0,0,0,0,0,0,0,0,0,0,0,0,0,0,0,0
0,0,0,0,0,0,0,0,0,0,0,0,0,0,0,0,0,0,0,0,0,0,0,0,0,0,0,0,0,0,0,0,0,0,0,0,0,0,0,0,0,-1.10699999332428,0,0,0,0,0,0,0,0,0,0,-1.09800004959106,0,0,0,0,0,0,0,0,0,0,0,0,0,0,0,0,0,0,0,0,0,-1.28900003433228,0,0,0,0,0,0,0,0,0,0,0,0,0,0,0,0,0,0,0,0,0,0,0,0,0,0,0,0,0,0,0,0,0,0,0,0,0,0,0,0,0,0,0,0,0,0,0,0,0,0,0,0,0,0,0,0,0,0,0,0,0,0,0,0,0,0,0,0,0,0,0,0,0,0,0,0,0,0,0,0,0,0,0,0,0,0,0,0,0,0,0,0,0,0,0,0,0,0,0,0,0,-0.893999993801117,-0.0649999976158142,0,0,0,0,0,0,0,0,0,0,0,0,0,0,0,0,0,0,0,0,0,0
0,0,0,0,0,0,0,0,0,0,0,0,0,0,0,0,0,0,0,0,0,0,0,0,0,0,0,0,0,0,0,0,0,0,0,0,0,0,0,0,0,0,0,-1.09899997711182,0,0,0,0,0,0,0,0,0,0,-1.09500002861023,0,0,0,0,0,0,0,0,0,0,0,0,0,0,0,0,0,0,0,0,0,0,0,0,0,0,0,0,0,0,0,0,0,0,0,0,0,0,0,0,0,0,0,0,0,0,0,0,0,0,0,0,0,0,0,0,0,0,0,0,0,0,0,0,0,0,0,0,0,0,0,0,0,0,0,0,0,0,0,0,0,0,0,0,0,0,0,0,0,0,0,0,0,0,0,0,0,0,0,0,0,0,0,0,0,0,0,0,0,0,0,0,0,0,0,0,0,0,0,0,0,0,0,0,0,0,0,0,0,0,0,0,0,0,0,0,0,0,0,0,0,0,0,0,0
0,0,0,0,0,0,0,0,0,0,0,0,0,0,0,0,0,0,0,0,0,0,0,0,0,0,0,0,-1.10599994659424,0,0,0,0,0,0,0,0,0,0,0,-1.09800004959106,0,0,0,0,0,0,0,0,0,0,0,0,0,0,0,0,0,0,0,0,0,0,0,0,0,0,0,0,0,0,0,0,0,0,0,0,0,0,0,0,0,0,0,0,0,0,0,0,0,0,0,0,0,0,0,0,0,0,0,0,0,0,0,0,0,0,0,0,0,0,0,0,0,0,0,0,0,0,0,0,0,0,0,0,0,0,0,0,0,0,0,0,0,0,0,0,0,0,0,0,0,0,0,0,0,0,0,0,0,0,0,0,0,0,0,0,0,0,0,0,0,0,0,0,0,0,0,0,0,0,0,0,0,0,0,0,0,0,0,0,0,0,0,0,0,0,0,0,0,0,0,0,0,0,0,0,0,0,0
0,0,0,0,0,0,0,-1.12300002574921,0,0,0,0,0,0,0,0,0,0,0,0,0,0,0,0,0,0,0,0,0,-1.10300004482269,0,0,0,0,0,0,0,-1.09800004959106,0,0,0,0,-1.09300005435944,0,0,0,0,0,0,-1.08899998664856,0,0,0,0,0,0,0,0,0,0,0,0,0,0,0,0,0,0,0,0,0,0,0,0,0,0,0,0,0,0,0,0,0,0,0,0,0,0,0,0,0,0,0,0,0,0,0,0,0,0,0,0,0,0,0,0,0,0,0,0,0,0,0,0,0,0,0,0,0,0,0,0,0,0,0,0,0,0,0,0,0,0,-1.46700000762939,-1.46800005435944,-1.46800005435944,-1.47099995613098,-1.47099995613098,-1.47099995613098,0,0,0,0,0,0,0,0,0,0,0,0,0,0,0,0,0,0,0,0,0,0,0,0,0,0,0,0,0,0,0,0,0,0,0,0,0,0,0,0,0,0,0,0,0,0,0,0,0,0,0,0,0,0,0,0,0,0,0,0,0,0
0,0,0,0,0,0,-1.12199997901917,0,0,0,0,0,0,0,0,0,0,0,0,-1.10500001907349,0,0,0,0,0,0,0,0,-1.09800004959106,0,0,0,0,0,0,0,0,0,0,0,0,0,0,0,0,0,0,0,-1.08299994468689,0,0,0,0,0,0,0,0,0,0,0,0,0,0,0,0,0,0,0,0,0,0,0,0,0,0,0,0,0,0,0,0,0,0,0,0,0,0,0,0,0,0,0,0,0,0,0,0,0,0,0,0,0,0,0,0,0,0,0,0,0,0,0,0,0,0,-1.4559999704361,-1.45700001716614,-1.45700001716614,-1.45700001716614,0,0,0,0,0,0,0,0,-1.45899999141693,-1.46099996566772,-1.46200001239777,-1.46399998664856,-1.4650000333786,0,0,0,0,0,0,-1.46700000762939,0,0,0,0,-1.46899998188019,-1.46899998188019,0,0,0,0,0,0,0,0,0,0,0,0,0,0,0,0,0,0,0,0,0,0,0,0,0,0,0,0,0,0,0,0,0,0,0,0,0,0,0,0,0,0,0,0,0,0,0,0,0,0,0,0,0,0,0
0,0,0,0,0,0,0,0,0,0,-1.11000001430511,0,0,0,0,0,0,0,-1.10399997234344,0,0,0,0,0,0,0,0,-1.09599995613098,0,0,0,0,0,0,0,0,0,0,-1.08899998664856,0,-1.08700001239777,0,0,0,0,0,0,0,0,0,0,0,0,0,0,0,0,0,0,0,0,0,0,0,0,0,0,0,0,0,0,0,0,0,0,0,0,0,0,0,0,0,0,0,0,0,0,0,0,0,0,0,0,0,0,0,0,0,0,0,0,0,0,0,0,0,0,0,0,0,0,0,0,0,-1.45200002193451,0,0,0,0,-1.4559999704361,-1.45500004291534,-1.4539999961853,-1.45500004291534,-1.4559999704361,-1.4559999704361,0,-1.45700001716614,-1.45799994468689,0,0,0,0,0,0,0,0,0,0,0,-1.4650000333786,-1.46399998664856,-1.46399998664856,-1.4650000333786,0,0,0,0,0,0,0,0,0,0,0,0,0,0,0,0,0,0,0,0,0,0,0,0,0,0,0,0,0,0,0,0,0,0,0,0,0,0,0,0,0,0,0,0,0,0,0,0,0,0,0,0,0,0,0,0,0
0,0,0,0,0,-1.11500000953674,0,0,0,0,0,0,0,0,0,0,0,0,-1.10099995136261,0,0,0,0,0,0,0,0,0,0,0,0,-1.08800005912781,0,-1.08800005912781,-1.08700001239777,-1.08700001239777,0,0,0,0,0,0,0,0,0,0,0,0,-1.0789999961853,0,0,0,0,0,0,0,0,0,0,0,0,0,0,0,0,0,0,0,0,0,0,0,0,0,0,0,0,0,0,0,0,0,0,0,0,0,0,0,0,0,0,0,0,0,0,0,0,0,0,0,0,0,-1.44400000572205,-1.44400000572205,-1.44400000572205,-1.44500005245209,-1.44599997997284,-1.44700002670288,-1.44700002670288,0,0,-1.44700002670288,-1.44500005245209,-1.44799995422363,0,0,0,0,0,0,0,0,0,0,0,0,0,0,0,0,0,0,0,0,0,0,0,0,0,0,0,0,0,0,0,0,0,0,0,0,0,0,0,0,0,0,0,0,0,0,0,0,0,0,0,0,0,0,0,0,0,0,0,0,0,0,0,0,0,0,0,0,0,0,0,0,0,0,0,0,0,0,0,0,0,0,0,0,0,0
0,0,-1.11199998855591,-1.11199998855591,-1.11199998855591,0,0,0,0,0,0,0,0,0,-1.10099995136261,-1.10000002384186,0,0,0,0,0,0,0,0,-1.09300005435944,0,0,0,0,0,0,0,0,0,0,0,0,0,0,0,0,0,0,0,0,0,0,0,0,0,0,0,0,0,0,0,0,0,0,0,0,0,0,0,0,0,0,0,0,0,0,0,0,0,0,0,0,0,0,0,0,0,0,0,0,0,0,0,0,0,0,0,0,0,0,0,0,-1.43799996376038,0,-1.44000005722046,-1.44099998474121,-1.44200003147125,0,0,0,0,0,0,0,0,-1.44099998474121,0,0,0,0,0,0,0,0,0,0,0,0,0,0,0,0,0,0,0,0,0,0,0,0,0,0,0,0,0,0,0,0,0,0,-1.45500004291534,0,0,0,0,0,0,0,0,0,0,0,0,0,0,0,0,0,0,0,0,0,0,0,0,0,0,0,0,0,0,0,0,0,0,0,0,0,0,0,0,0,0,0,0,0,0,0,0,0,0,0,0,0,0
0,-1.10899996757507,-1.10800004005432,0,0,0,0,0,0,-1.10000002384186,0,0,0,-1.09800004959106,0,0,0,-1.09399998188019,0,0,0,0,0,0,-1.08700001239777,-1.08500003814697,-1.08599996566772,0,0,0,0,0,-1.08000004291534,0,0,0,-1.07700002193451,-1.07799994945526,0,0,0,0,0,0,0,0,0,0,0,0,0,0,0,0,0,0,0,0,0,0,0,0,0,0,0,0,0,0,0,0,0,0,0,0,0,0,0,0,0,0,0,0,0,0,0,0,0,0,0,0,0,0,0,0,-1.43499994277954,-1.43700003623962,-1.43799996376038,0,0,0,0,0,0,0,0,0,0,0,0,-1.43900001049042,0,0,0,0,0,0,0,0,0,0,0,0,0,0,0,0,0,0,0,0,0,0,0,0,0,0,0,0,0,0,0,0,0,0,0,0,0,0,0,0,0,0,0,0,0,0,0,0,0,0,0,0,0,0,0,0,0,0,0,0,0,0,0,0,0,0,0,0,0,0,0,0,0,0,0,0,0,0,0,0,0,0,0,0,0,0,0,0,0,0
0,0,0,0,0,0,0,0,0,0,0,0,-1.09500002861023,0,0,0,0,0,0,0,0,0,-1.08500003814697,0,0,0,0,0,0,0,0,0,0,0,0,0,0,0,0,0,0,0,0,0,0,0,0,-1.067999958992,0,0,0,0,0,0,0,0,0,0,0,0,0,0,0,0,0,0,0,0,0,0,0,0,0,-1.24899995326996,0,0,0,0,0,0,0,0,0,0,0,-1.43099999427795,-1.42999994754791,-1.42999994754791,0,-1.42999994754791,-1.42999994754791,-1.43099999427795,-1.432000041008,-1.43299996852875,-1.43400001525879,0,0,0,0,0,0,0,0,0,0,0,0,0,0,0,0,0,0,0,0,0,0,0,0,0,0,0,0,0,0,0,0,0,0,0,0,0,0,0,0,0,0,0,0,0,0,0,0,0,0,0,0,0,0,0,0,0,0,0,0,0,0,0,0,0,0,0,0,0,0,0,0,0,0,0,0,0,0,0,0,0,0,0,0,0,0,0,0,0,0,0,0,0,0,0,0,0,0,0,0,0,0,0,0,0
0,-1.10300004482269,0,0,0,0,0,0,0,0,-1.09200000762939,0,0,0,0,0,0,0,0,0,0,0,0,-1.08000004291534,0,0,0,0,0,0,0,0,0,0,0,0,0,0,0,0,0,0,0,0,0,0,0,0,0,0,0,0,0,0,0,0,0,0,0,0,0,0,0,0,0,0,0,0,0,0,0,0,0,0,0,0,0,0,0,0,0,0,0,-1.42700004577637,-1.42900002002716,0,0,0,-1.42900002002716,0,0,0,0,0,0,0,0,0,0,0,0,0,0,0,0,0,0,0,0,0,0,0,0,0,0,0,0,0,0,0,0,0,0,0,0,0,0,0,0,0,0,0,0,0,0,0,0,0,0,0,0,0,0,0,0,0,0,0,0,0,0,0,0,0,0,0,0,0,0,0,0,0,0,0,0,0,0,0,0,0,0,0,0,0,0,0,0,0,0,0,0,0,0,0,0,0,0,0,0,0,0,0,0,0,0,0,0,0,0,0
0,0,0,0,0,0,0,0,0,0,0,0,0,0,0,0,0,-1.08399999141693,0,0,0,0,0,0,0,0,0,0,0,0,0,0,0,0,0,0,0,0,0,0,0,0,0,0,0,0,0,0,0,0,0,0,0,0,0,0,0,0,0,0,0,0,0,0,0,0,0,0,0,0,0,0,0,-1.2389999628067,0,0,0,0,0,0,-1.42200005054474,-1.42200005054474,-1.42400002479553,0,0,0,0,0,0,0,0,0,0,0,0,0,0,0,0,0,0,0,0,0,0,0,0,0,0,0,0,0,0,0,0,0,0,0,0,0,0,0,0,0,0,0,0,0,0,0,0,0,0,0,0,0,0,0,0,0,0,0,0,0,0,0,0,0,0,0,0,0,0,0,0,0,0,0,0,0,0,0,0,0,0,0,0,0,0,0,0,0,0,0,0,0,0,0,0,0,0,0,0,0,0,0,0,0,0,0,0,0,0,0,0,0,0,0,0,0
0,0,0,0,0,0,0,0,0,0,0,0,0,0,0,0,0,0,0,0,0,0,0,0,0,0,0,0,0,0,0,0,0,0,0,0,0,0,0,0,0,0,0,0,0,0,0,0,0,0,0,0,0,0,0,0,0,0,0,0,0,0,0,0,0,0,0,0,0,0,0,0,0,0,0,0,-1.41999995708466,0,-1.4190000295639,-1.4210000038147,0,0,0,0,0,0,0,0,0,0,0,0,0,0,0,0,0,0,0,0,0,0,0,0,0,0,0,0,0,0,0,0,0,0,0,0,0,0,0,0,0,0,0,0,0,0,0,0,0,0,0,0,0,0,0,0,0,0,0,0,0,0,0,0,0,-1.43400001525879,0,0,0,0,0,0,0,0,0,0,0,0,0,0,0,0,0,0,0,0,0,0,0,0,0,0,0,0,0,0,0,0,0,0,0,0,0,0,0,0,0,0,0,0,0,0,0,0,0,0,0,0,0,0
0,0,0,0,0,0,0,0,0,0,0,0,0,0,0,0,0,0,0,0,0,0,0,0,0,0,0,0,0,0,0,0,0,0,0,0,0,0,0,0,0,0,0,0,0,0,0,0,0,0,0,0,0,0,0,0,0,0,0,0,0,0,0,0,0,0,0,0,0,0,0,0,0,0,0,0,0,-1.41700005531311,0,0,0,0,0,0,0,0,0,0,0,0,0,0,0,0,0,0,0,0,0,0,0,0,0,0,0,0,0,0,0,0,0,0,0,0,0,0,0,0,0,0,0,0,0,0,0,0,0,0,0,0,0,0,0,0,0,0,0,0,0,0,0,0,0,0,0,0,0,0,0,0,0,0,0,0,0,0,0,0,0,0,0,0,0,0,0,0,0,0,0,0,0,0,0,0,0,0,0,0,0,0,0,0,0,0,0,0,0,0,0,0,0,0,0,0,0,0,0,0,0,0
0,0,0,0,0,0,0,0,0,0,0,0,0,0,0,0,0,0,0,0,0,0,0,0,0,0,0,0,0,0,0,0,0,0,0,0,0,0,0,0,0,0,0,0,0,0,0,0,0,0,0,0,0,0,0,0,0,0,0,0,0,0,0,0,0,0,0,0,0,0,0,0,0,0,0,0,0,0,0,0,0,0,0,0,0,0,0,0,0,0,0,0,0,0,0,0,0,0,0,0,0,0,0,0,0,0,0,0,0,0,0,0,0,0,0,0,0,0,0,0,0,0,0,0,0,0,0,0,0,0,0,0,0,0,0,0,0,0,0,0,0,0,0,0,0,0,0,0,0,0,0,0,0,0,0,0,0,0,0,0,0,0,0,0,0,0,0,0,0,0,0,0,0,0,0,0,0,0,0,0,0,0,0,0,0,0,0,0,0,0,0,0,0,0,0,0,0,0,0,0
0,0,0,0,0,0,0,0,0,0,0,0,0,0,0,0,0,0,0,0,0,0,0,0,0,0,0,0,0,0,0,0,0,0,0,0,0,0,0,0,0,0,0,0,0,0,0,0,0,0,0,0,0,0,0,0,0,0,0,0,0,0,0,0,0,0,0,0,0,0,0,0,0,0,0,0,0,0,0,0,0,0,0,0,0,0,0,0,0,0,0,0,0,0,0,0,0,0,0,0,0,0,0,0,0,0,0,0,0,0,0,0,0,0,0,0,0,0,0,0,0,0,0,0,0,0,0,0,0,0,0,0,0,0,0,0,0,0,0,0,0,0,0,0,0,0,0,0,0,0,0,0,0,0,0,0,0,0,0,0,0,0,0,0,0,0,0,0,0,0,0,0,0,0,0,0,0,0,0,0,0,0,0,0,0,0,0,0,0,0,0,0,0,0,0,0,0,0,0,0
0,0,0,0,0,0,0,0,0,0,0,0,0,0,0,0,0,0,0,0,0,0,0,0,0,0,0,0,0,0,0,0,0,0,0,0,0,0,0,0,0,0,0,0,0,0,0,0,0,0,0,0,0,0,0,0,0,0,0,0,0,0,0,0,0,0,0,0,0,0,0,0,0,0,0,0,0,0,0,0,0,0,0,0,0,0,0,0,0,0,0,0,0,0,0,0,0,0,0,0,0,0,0,0,0,0,0,0,0,0,0,0,0,0,0,0,0,0,0,0,0,0,0,0,0,0,0,0,0,0,0,0,0,0,0,0,0,0,0,0,0,0,0,0,0,0,0,0,0,0,0,0,0,0,0,0,0,0,0,0,0,0,0,0,0,0,0,0,0,0,0,0,0,0,0,0,0,0,0,0,0,0,0,0,0,0,0,0,0,0,0,0,0,0,0,0,0,0,0,0
0,0,0,0,0,0,0,0,0,0,0,0,0,0,0,0,0,0,0,0,0,0,0,0,0,0,0,0,0,0,0,0,0,0,0,0,0,0,0,0,0,0,0,0,0,0,0,0,0,0,0,0,0,0,0,0,0,0,0,0,0,0,0,0,0,0,0,0,0,0,0,0,0,0,0,0,-1.39699995517731,0,0,0,0,0,0,0,0,0,0,0,0,0,0,0,0,0,0,0,0,0,0,0,0,0,0,0,0,0,0,0,0,0,0,0,0,0,0,0,0,0,0,0,0,0,0,0,0,0,0,0,0,0,0,0,0,0,0,0,0,0,0,0,0,0,0,0,0,-1.40799999237061,0,0,0,0,0,0,0,0,0,0,0,0,0,0,0,0,0,0,0,0,0,0,0,0,0,0,0,0,0,0,0,0,0,0,0,0,0,0,0,0,0,0,0,0,0,0,0,0,0,0,0,0,0,0
0,0,0,0,0,0,0,0,0,0,0,0,0,0,0,0,0,0,0,0,0,0,0,0,0,0,0,0,0,0,0,0,0,0,0,0,0,0,0,0,0,0,0,0,0,0,0,0,0,0,0,0,0,0,0,0,0,0,0,0,0,0,0,0,0,0,0,0,0,0,0,-1.20799994468689,0,0,0,0,0,0,0,0,0,0,0,0,0,0,0,0,0,0,0,0,0,0,0,0,0,0,0,0,0,0,0,0,0,0,0,0,0,0,0,0,0,0,0,0,0,0,0,0,0,0,0,0,0,0,0,0,0,0,0,0,0,0,0,0,0,0,0,0,0,0,0,0,0,0,0,0,0,0,0,0,0,0,0,0,0,0,0,0,0,0,0,0,0,0,0,0,0,0,0,0,0,0,0,0,0,0,0,0,0,0,0,0,0,0,0,0,0,0,0,0,0,0,0,0,0,0,0,0
0,0,0,0,0,0,0,0,0,0,0,0,0,0,0,0,0,0,0,0,0,0,0,0,0,0,0,0,0,0,0,0,0,0,0,0,0,0,0,0,0,0,0,0,0,0,0,0,0,0,0,0,0,0,0,0,0,0,0,0,0,0,0,0,0,0,0,0,0,0,-1.2059999704361,0,0,0,0,0,0,0,0,0,0,0,0,0,0,0,0,0,0,0,0,0,0,0,0,0,0,0,0,0,0,0,0,0,0,0,0,0,0,0,0,0,0,0,0,0,0,0,0,0,0,0,0,0,0,0,0,0,0,0,0,0,0,0,0,0,0,0,0,0,0,0,0,0,0,-1.39699995517731,0,0,0,0,0,0,0,0,0,0,0,0,0,0,0,0,0,0,0,0,0,0,0,0,0,0,0,0,0,0,0,0,0,0,0,0,0,0,0,0,0,0,0,0,0,0,0,0,0,0,0,0,0,0
0,0,0,0,0,0,0,0,0,0,0,0,0,0,0,0,0,0,0,0,0,0,0,0,0,0,0,0,0,0,0,0,0,0,0,0,0,0,0,0,0,0,0,0,0,0,0,0,0,0,0,0,0,0,0,0,0,0,0,0,0,0,0,0,0,0,0,0,-1.20200002193451,-1.2039999961853,0,0,0,0,0,0,0,0,0,0,0,0,0,0,0,0,0,0,0,0,0,0,0,0,0,0,0,0,0,0,0,0,0,0,0,0,0,0,0,0,0,0,0,0,0,0,0,0,0,0,0,0,0,0,0,0,0,0,0,0,0,0,0,0,0,0,0,0,0,0,0,0,0,0,0,0,-1.39300000667572,0,0,0,0,0,0,0,0,0,0,0,0,0,0,0,0,0,0,0,0,0,0,0,0,0,0,0,0,0,0,0,0,0,0,0,0,0,0,0,0,0,0,0,0,0,0,0,0,0,0,0,0,0
0,0,0,0,0,0,0,0,0,0,0,0,0,0,0,0,0,0,0,0,0,0,0,0,0,0,0,0,0,0,0,0,0,0,0,0,0,0,0,0,0,0,0,0,0,0,0,0,0,0,0,0,0,0,0,0,0,0,0,0,0,0,0,0,0,0,0,0,0,0,0,0,-1.19700002670288,0,0,0,0,0,0,0,0,0,0,0,0,0,0,0,0,0,0,0,0,0,0,0,0,0,0,0,0,0,0,0,0,0,0,0,0,0,0,0,0,0,0,0,0,0,0,0,0,0,0,0,0,0,0,0,0,0,0,0,0,0,0,0,0,0,0,0,0,0,0,0,0,0,0,0,0,0,0,0,0,0,0,0,0,0,0,0,0,0,0,0,0,0,0,0,0,0,0,0,0,0,0,0,0,0,0,0,0,0,0,0,0,0,0,0,0,0,0,0,0,0,0,0,0,0,0,0
0,0,0,0,0,0,0,0,0,0,0,0,0,0,0,0,0,0,0,0,0,0,0,0,0,0,0,0,0,0,0,0,0,0,0,0,0,0,0,0,0,0,0,0,0,0,0,0,0,0,0,0,0,0,0,0,0,0,0,0,0,0,0,0,0,0,0,0,0,0,0,0,0,0,0,0,0,0,0,0,0,0,0,0,0,0,0,0,0,0,0,0,0,0,0,0,0,0,0,0,0,0,0,0,0,0,0,0,0,0,0,0,0,0,0,0,0,0,0,0,0,0,0,0,0,0,0,0,0,0,0,0,0,0,0,0,0,0,0,0,0,0,0,0,0,0,0,0,0,0,0,0,0,0,0,0,0,0,0,0,0,0,0,0,0,0,0,0,0,0,0,0,0,0,0,0,0,0,0,0,0,0,0,0,0,0,0,0,0,0,0,0,0,0,0,0,0,0,0,0
0,0,0,0,0,0,0,0,0,0,0,0,0,0,0,0,0,0,0,0,0,0,0,0,0,0,0,0,0,0,0,0,0,0,0,0,0,0,0,0,0,0,0,0,0,0,0,0,0,0,0,0,0,0,0,0,0,0,0,0,0,0,0,0,0,0,0,-1.18799996376038,0,0,0,0,0,0,0,0,0,0,0,0,0,0,0,0,0,0,0,0,0,0,0,0,0,0,0,0,0,0,0,0,0,0,0,0,0,0,0,0,0,0,0,0,0,0,0,0,0,0,0,0,0,0,0,0,0,0,0,0,0,0,0,0,0,0,0,0,0,0,0,0,0,0,0,0,0,0,0,0,0,0,0,0,0,0,0,0,0,0,0,0,0,0,0,0,0,0,0,0,0,0,0,0,0,0,0,0,0,0,0,0,0,0,0,0,0,0,0,0,0,0,0,0,0,0,0,0,0,0,0,0
0,0,0,0,0,0,0,0,0,0,0,0,0,0,0,0,0,0,0,0,0,0,0,0,0,0,0,0,0,0,0,0,0,0,0,0,0,0,0,0,0,0,0,0,0,0,0,0,0,0,0,0,0,0,0,0,0,0,0,0,0,0,-1.19000005722046,-1.18599998950958,0,0,-1.18700003623962,0,0,0,0,0,0,0,0,0,0,0,0,0,0,0,0,0,0,0,0,0,0,0,0,0,0,0,0,0,0,0,0,0,0,0,0,0,0,0,0,0,0,0,0,0,0,0,0,0,0,0,0,0,0,0,0,0,0,0,0,0,0,0,0,0,0,0,0,0,0,0,0,0,0,0,0,0,0,0,0,-1.37300002574921,0,0,0,0,0,0,0,0,0,0,0,0,0,0,0,0,0,0,0,0,0,0,0,0,0,0,0,0,0,0,0,0,0,0,0,0,0,0,0,0,0,0,0,0,0,0,0,0,0,0,0,0
0,0,0,0,0,0,0,0,0,0,0,0,0,0,0,0,0,0,0,0,0,0,0,0,0,0,0,0,0,0,0,0,0,0,0,0,0,0,0,0,0,0,0,0,0,0,0,0,0,0,0,0,0,0,0,0,0,0,0,-1.18299996852875,-1.18299996852875,-1.18400001525879,0,0,0,-1.18099999427795,0,0,0,0,0,0,0,0,0,0,0,0,0,0,0,0,0,0,0,0,0,0,0,0,0,0,0,0,0,0,0,0,0,0,0,0,0,0,0,0,0,0,0,0,0,0,0,0,0,0,0,0,0,0,0,0,0,0,0,0,0,0,0,0,0,0,0,0,0,0,0,0,0,0,0,0,0,0,0,0,0,0,0,0,0,0,0,0,0,0,0,0,0,0,0,0,0,0,0,0,0,0,0,0,0,0,0,0,0,0,0,0,0,0,0,0,0,0,0,0,0,0,0,0,0,0,0,0,0,0,0,0,0,0
0,0,0,0,0,0,0,0,0,0,0,0,0,0,0,0,0,0,0,0,0,0,0,0,0,0,0,0,0,0,0,0,0,0,0,0,0,0,0,0,0,0,0,0,0,0,0,0,0,0,0,0,0,0,0,0,0,0,0,0,0,0,0,0,0,-1.17599999904633,0,0,0,0,0,0,0,0,0,0,0,0,0,0,0,0,0,0,0,0,0,0,0,0,0,0,0,0,0,0,0,0,0,0,0,0,0,0,0,0,0,0,0,0,0,0,0,0,0,0,0,0,0,0,0,0,0,0,0,0,0,0,0,0,0,0,0,0,0,0,0,0,0,0,0,0,0,0,0,0,0,0,0,0,0,0,0,0,0,0,0,0,0,0,0,0,0,0,0,0,0,0,0,0,0,0,0,0,0,0,0,0,0,0,0,0,0,0,0,0,0,0,0,0,0,0,0,0,0,0,0,0,0,0
0,0,0,0,0,0,0,0,0,0,0,0,0,0,0,0,0,0,0,0,0,0,0,0,0,0,0,0,0,0,0,0,0,0,0,0,0,0,0,0,0,0,0,0,0,0,0,0,0,0,0,0,0,0,0,0,0,0,0,-1.17700004577637,0,0,0,0,0,0,0,0,0,0,0,0,0,0,0,0,0,0,0,0,0,0,0,0,0,0,0,0,0,0,0,0,0,0,0,0,0,0,0,0,0,0,0,0,0,0,0,0,0,0,0,0,0,0,0,0,0,0,0,0,0,0,0,0,0,0,0,0,0,0,0,0,0,0,0,0,0,0,0,0,0,0,0,0,0,0,0,-1.36000001430511,0,0,0,0,0,0,0,0,0,0,0,0,0,0,0,0,0,0,0,0,0,0,0,0,0,0,0.157000005245209,0,0.157000005245209,0,-0.460999995470047,-0.46000000834465,0,0,0,0,0,0,0,0,0,0,0,0,0,0,0,0,0,0,0,0
0,0,0,0,0,0,0,0,0,0,0,0,0,0,0,0,0,0,0,0,0,0,0,0,0,0,0,0,0,0,0,0,0,0,0,0,0,0,0,0,0,0,0,0,0,0,0,0,0,0,0,0,0,0,0,0,0,0,-1.17200005054474,0,0,0,0,0,-1.16999995708466,0,0,0,0,0,0,0,0,0,0,0,0,0,0,0,0,0,0,0,0,0,0,0,0,0,0,0,0,0,0,0,0,0,0,0,0,0,0,0,0,0,0,0,0,0,0,0,0,0,0,0,0,0,0,0,0,0,0,0,0,0,0,0,0,0,0,0,0,0,0,0,0,0,0,0,0,0,0,0,0,0,0,0,-1.35199999809265,0,0,0,0,0,0,0,0,0,0,0,0,0,0,0,0,0,0,0,0,0,0,0,0,0,0.305999994277954,0.305999994277954,-0.0430000014603138,0.305999994277954,0.305999994277954,0.307000011205673,0.307000011205673,0,0,0,0,0,0,0,0,0,0,0,0,0,0,0,0,0,0,0
0,0,0,0,0,0,0,0,0,0,0,0,0,0,0,0,0,0,0,0,0,0,0,0,0,0,0,0,0,0,0,0,0,0,0,0,0,0,0,0,0,0,0,0,0,0,0,0,0,0,0,0,0,-1.1690000295639,0,0,0,0,0,0,0,0,0,0,0,0,0,0,0,0,0,0,0,0,0,0,-1.33299994468689,0,0,0,0,0,0,0,0,0,0,0,0,0,0,0,0,0,0,0,0,0,0,0,0,0,0,0,0,0,0,0,0,0,0,0,0,0,0,0,0,0,0,0,0,0,0,0,0,0,0,0,0,0,0,0,0,0,0,0,0,0,0,0,0,0,0,0,0,0,0,0,0,0,-0.229000002145767,0,0,0,0,0,0,0,0,0,0,0,0,0,0,0,0,0,0,0,0,0,0,0,-0.802999973297119,-0.0419999994337559,0.305999994277954,-0.237000003457069,0,0,0,0,0,0,0,0,0,0,0,0,0,0,0,0,0,0,0,0,0,0
0,0,0,0,0,0,0,0,0,0,0,0,0,0,0,0,0,0,0,0,0,0,0,0,0,0,0,0,0,0,0,0,0,0,0,0,0,0,0,0,0,-1.17499995231628,-1.17599999904633,0,0,0,-1.1690000295639,0,0,0,0,0,0,0,0,-1.16499996185303,0,0,0,0,0,0,0,0,0,0,0,0,0,0,0,0,0,0,0,0,0,0,0,0,0,0,0,0,0,0,0,0,0,0,0,0,0,0,0,0,0,0,0,0,0,0,0,0,0,0,0,0,0,0,0,0,0,0,0,0,0,0,0,0,0,0,0,0,0,0,0,0,0,0,0,0,0,0,0,0,0,0,0,0,0,0,0,0,0,0,0,0,0,-0.44200000166893,0,0,0,0,0,0,0,0,0,0,0,0,0,0,0,0,0,0,0,0,0,0,0,0,0,0,0,0,0,0,0,0,0,0,0,0,0,0,0,0,0,0,0,0,0,0,0,0,0,0
0,0,0,0,0,0,0,0,0,0,0,0,0,0,0,0,0,0,0,0,0,0,0,0,0,0,0,0,0,0,0,0,0,0,0,0,0,0,0,0,0,0,0,0,0,-1.1690000295639,0,0,0,0,0,-1.16499996185303,-1.16199994087219,-1.16100001335144,-1.16100001335144,0,0,0,0,0,0,0,0,0,0,0,0,0,0,0,0,0,0,0,0,0,0,0,0,0,0,0,0,0,0,0,0,0,0,0,0,0,0,0,0,0,0,0,0,0,0,0,0,0,0,0,0,0,0,0,0,0,0,0,0,0,0,0,0,0,0,0,0,0,0,0,0,0,0,0,0,0,0,0,0,0,0,0,0,0,0,0,0,0,0,0,0,0,0,0.908999979496002,0.51800000667572,-0.781000018119812,0,0,0,0,0,-1.1710000038147,-0.601000010967255,-0.602999985218048,0,0,0,0,0,0,0,0,0,0,0,0,0,0,0,0,0,0,0,0,0,0,0,0,0,0,0,0,0,0,0,0,0,0,0,0,0,0,0,0
0,0,0,0,0,0,0,0,0,0,0,0,0,0,0,0,0,0,0,0,0,0,0,0,0,0,0,0,0,0,0,0,0,0,0,0,0,0,0,0,0,0,0,0,0,0,0,0,-1.16199994087219,0,-1.16100001335144,0,0,0,0,0,0,0,0,0,0,0,0,0,0,0,0,0,0,0,0,0,0,0,0,-1.32200002670288,0,0,0,0,0,0,0,0,0,0,0,0,0,0,0,0,0,0,0,0,0,0,0,0,0,0,0,0,0,0,0,0,0,0,0,0,0,0,0,0,0,0,0,0,0,0,0,0,0,0,0,0,0,0,0,0,0,0,0,0,0,0,0,0,0,0,0,0,0,0,0,0,0,0,1.24699997901917,0.517000019550323,-0.978999972343445,0,0,0,0,0,-0.439999997615814,0.910000026226044,0.675999999046326,0,0,0,0,0,0,0,0,0,0,0,0,0,0,0,0,0,0,0,0,0,0,0,0,0,0,0,0,0,0,0,0,0,0,0,0,0,0,0
0,0,0,0,0,0,0,0,0,0,0,0,0,0,0,0,0,0,0,0,0,0,0,0,0,0,0,0,0,0,-1.17299997806549,0,0,0,0,0,0,0,0,-1.16600000858307,0,0,-1.1599999666214,0,-1.1599999666214,0,0,0,-1.15600001811981,-1.15600001811981,0,0,0,0,0,0,0,0,0,0,0,0,0,0,0,0,0,0,0,0,0,0,0,0,0,0,0,0,0,0,0,0,0,0,0,0,0,0,0,0,0,0,0,0,0,0,0,0,0,0,0,0,0,0,0,0,0,0,0,0,0,0,0,0,0,0,0,0,0,0,0,0,0,0,0,0,0,0,0,0,0,0,0,0,0,0,0,0,0,0,0,0,0,0,0,0,0,0,0,0,1.24100005626678,0.904999971389771,0.672999978065491,-0.774999976158142,-1.15900003910065,0,-0.0359999984502792,-0.596000015735626,0.158999994397163,0.51800000667572,1.05299997329712,0,0,0,0,0,0,0,0,0,0,0,0,0,0,0,0,0,0,0,0,0,0,0,0,0,0,0,0,0,0,0,0,0,0,0,0,0,0,0
0,0,0,0,0,0,0,0,0,0,0,0,0,0,0,0,0,0,0,0,0,0,0,0,0,0,0,0,0,-1.1690000295639,0,0,-1.16400003433228,0,0,0,-1.16199994087219,-1.16100001335144,-1.16299998760223,-1.1599999666214,0,0,0,0,0,0,0,0,0,0,0,0,0,0,0,0,0,0,0,0,0,0,0,0,0,0,0,0,0,0,0,0,0,0,0,0,0,0,0,0,0,0,0,0,0,0,0,0,0,0,0,0,0,0,0,0,0,0,0,0,0,0,0,0,0,0,0,0,0,0,0,0,0,0,0,0,0,0,0,0,0,0,0,0,0,0,0,0,0,0,0,0,0,0,0,0,0,0,0,0,0,0,0,0,0,0,0,0,0,-1.32799994945526,1.0460000038147,1.24100005626678,1.2389999628067,1.04700005054474,0.158999994397163,0.158999994397163,0.158999994397163,0.904999971389771,1.24399995803833,0.303000003099442,0.517000019550323,0,0,0,0,0,0,0,0,0,0,0,0,0,0,0,0,0,0,0,0,0,0,0,0,0,0,0,0,0,0,0,0,0,0,0,0,0,0,0
0,0,0,0,0,0,0,0,0,0,0,0,0,0,0,0,0,0,0,0,0,0,0,0,0,0,0,0,0,0,0,-1.16400003433228,0,0,0,-1.15799999237061,0,0,0,0,0,0,0,0,0,0,0,0,0,0,0,0,0,0,0,0,0,0,0,0,0,0,0,0,0,0,0,0,0,0,0,0,0,0,0,0,0,0,0,0,0,0,0,0,0,0,0,0,0,0,0,0,0,0,0,0,0,0,0,0,0,0,0,0,0,0,0,0,0,0,-1.49100005626678,-1.49100005626678,0,0,0,0,-1.49199998378754,-1.49199998378754,-1.49399995803833,-1.49300003051758,-1.49300003051758,-1.49199998378754,0,0,0,0,0,0,0,0,0,-1.49800002574921,-1.49800002574921,-1.5,-1.50199997425079,-1.50399994850159,-1.50399994850159,-1.50600004196167,-1.50699996948242,-1.50499999523163,-1.50300002098083,0,0,0,0,0,0,0,0,0,-1.32099997997284,0,0.303000003099442,1.23800003528595,1.24000000953674,1.2389999628067,1.23800003528595,1.24100005626678,0.303000003099442,-0.0350000001490116,0.158999994397163,0,0,0,0,0,0,0,0,0,0,0,0,0,0,0,0,0,0,0,0,0,0,0,0,0,0,0,0,0,0,0,0,0,0,0,0,0,0,0
0,0,0,0,0,0,0,0,0,0,0,0,0,0,0,0,0,0,0,0,0,0,0,0,0,0,0,0,0,0,0,0,0,0,0,0,0,0,0,0,0,-1.14999997615814,0,0,0,0,0,0,0,0,0,0,0,0,0,0,0,-1.13800001144409,-1.1360000371933,0,0,0,0,0,0,0,0,0,0,0,0,0,0,0,0,0,0,0,0,0,0,0,0,0,0,0,0,0,0,0,0,0,0,0,0,0,0,0,0,0,0,0,0,0,0,0,0,0,0,0,0,0,0,0,0,-1.48699998855591,0,0,0,0,0,0,-1.49199998378754,-1.49100005626678,-1.49000000953674,-1.49199998378754,-1.49199998378754,-1.49300003051758,-1.49199998378754,-1.49399995803833,-1.49600005149841,0,0,0,0,0,0,0,0,0,0,-1.50300002098083,-1.50300002098083,-1.50300002098083,-1.50399994850159,-1.50499999523163,0,0,0,0,0,-1.31599998474121,0,0.303000003099442,0.301999986171722,0.301999986171722,0.303000003099442,0.303000003099442,0,0,-0.43299999833107,0,0,0,0,0,0,0,0,0,0,0,0,0,0,0,0,0,0,0,0,0,0,0,0,0,0,0,0,0,0,0,0,0,0,0,0,0,0,0
0,0,0,0,0,0,0,0,0,0,0,0,0,0,0,0,0,0,0,0,0,0,0,0,0,0,0,0,0,0,0,0,0,0,0,-1.15299999713898,0,0,0,0,0,0,0,0,0,0,0,0,0,0,0,0,0,0,0,0,0,0,0,0,0,0,0,0,0,0,0,0,0,0,0,0,0,0,0,0,0,0,0,0,0,0,0,0,0,0,0,0,0,0,0,0,0,0,0,0,0,0,0,0,0,-1.47699999809265,-1.47699999809265,-1.47800004482269,-1.47699999809265,-1.47699999809265,-1.47800004482269,-1.48000001907349,-1.48000001907349,-1.48099994659424,0,0,-1.48199999332428,-1.48199999332428,-1.48300004005432,0,0,0,0,0,0,0,0,0,0,0,0,0,0,0,0,0,0,0,0,0,0,0,0,0,0,0,0,0,0,0,-1.50199997425079,0,0,0,0,0,-1.31200003623962,-1.31500005722046,-1.31400001049042,0,0,-1.31700003147125,-1.31700003147125,-0.218999996781349,0.670000016689301,0,0,0,0,0,0,0,0,0,0,0,0,0,0,0,0,0,0,0,0,0,0,0,0,0,0,0,0,0,0,0,0,0,0,0,0,0,0,0
0,0,0,0,0,0,0,0,0,0,0,0,0,0,0,0,0,0,0,0,0,0,0,0,0,0,0,-1.15499997138977,-1.15199995040894,-1.15199995040894,0,0,0,0,0,0,0,0,0,0,0,0,0,0,0,0,0,0,0,0,0,0,0,0,0,0,0,0,0,0,0,0,0,0,0,0,0,0,0,0,0,0,0,0,0,0,0,0,0,0,0,0,0,0,0,0,0,0,0,0,0,0,0,0,0,0,0,-1.47200000286102,-1.47200000286102,-1.47200000286102,-1.47500002384186,0,0,0,0,0,0,0,0,0,0,0,0,0,0,0,0,0,0,0,0,0,0,0,0,0,0,0,0,0,0,0,0,0,0,0,0,0,0,0,0,0,0,0,0,0,0,0,0,0,0,0,0,0,0,0,0,0,0,-1.31400001049042,0.513000011444092,0,0,0,0,0,0,0,0,0,0,0,0,0,0,0,0,0,0,0,0,0,0,0,0,0,0,0,0,0,0,0,0,0,0,0,0,0,0,0
0,0,0,0,0,0,0,0,0,0,0,0,0,0,0,0,0,0,0,0,0,0,0,0,-1.15100002288818,0,-1.14900004863739,0,0,0,0,0,0,0,0,0,0,0,0,0,0,0,0,0,0,0,0,0,0,0,0,0,0,0,0,0,0,0,0,0,0,0,0,0,0,0,0,0,0,0,0,0,0,0,0,0,0,0,0,0,0,0,0,0,0,0,-1.46800005435944,-1.46800005435944,-1.46800005435944,-1.46800005435944,-1.46700000762939,-1.46700000762939,-1.46700000762939,-1.46800005435944,-1.46800005435944,-1.46899998188019,-1.47000002861023,0,0,0,0,0,0,0,0,0,0,0,0,0,0,0,0,0,0,0,0,0,0,0,0,0,0,0,0,0,0,0,0,0,0,0,0,0,0,0,0,0,0,0,0,0,0,0,0,0,0,0,0,0,0,0,0,0,0,0,-1.30499994754791,0,0,0,0.159999996423721,0,0,0,0,0,0,0,0,0,0,0,0,0,0,0,0,0,0,0,0,0,0,0,0,0,0,0,0,0,0,0,0,0,0,0,0,0,0,0
0,0,0,0,0,0,0,0,0,0,0,0,0,0,0,0,0,0,0,0,0,0,0,0,-1.14699995517731,0,0,0,0,0,0,0,0,0,0,0,0,0,0,0,0,0,0,0,0,0,0,0,0,0,0,0,0,0,0,0,0,0,0,0,0,0,0,0,0,0,0,0,0,0,0,0,0,0,0,-1.27799999713898,0,0,0,0,0,0,0,-1.46300005912781,-1.46300005912781,-1.46599996089935,0,0,0,0,0,0,0,0,0,0,0,0,0,0,0,0,0,0,0,0,0,0,0,0,0,0,0,0,0,0,0,0,0,0,0,0,0,0,0,0,0,0,0,0,0,0,0,0,0,0,0,0,0,0,0,0,0,0,0,0,-1.48300004005432,0,0,0,0,0,0,0,0,-1.30299997329712,0,0,0,0,0.665000021457672,0,0,0,0,0,0,0,0,0,0,0,0,0,0,0,0,0,0,0,0,0,0,0,0,0,0,0,0,0,0,0,0,0,0,0,0,0,0,0
0,0,0,0,0,0,0,0,0,0,0,0,0,0,0,0,0,0,0,0,0,0,0,0,0,0,0,0,0,0,0,0,0,0,0,0,0,0,0,0,0,0,0,0,0,0,0,0,0,0,0,0,0,0,0,0,0,0,0,0,0,0,0,0,0,0,0,0,0,0,0,0,0,0,-1.27499997615814,0,0,0,0,0,-1.45799994468689,-1.46000003814697,-1.46099996566772,0,0,0,0,0,0,0,0,0,0,0,0,0,0,0,0,0,0,0,0,0,0,0,0,0,0,0,0,0,0,0,0,0,0,0,0,0,0,0,0,0,0,0,0,0,0,0,0,0,0,0,0,0,0,0,0,0,0,0,0,0,0,0,0,0,0,0,0,0,0,0,-1.2940000295639,0,0,0,0,0,0.509999990463257,0,0,0,0,0,0,0,0,0,0,0,0,0,0,0,0,0,0,0,0,0,0,0,0,0,0,0,0,0,0,0,0,0,0,0,0,0,0,0
0,0,0,0,0,0,0,0,0,0,0,0,0,0,0,0,0,0,0,0,0,0,0,-1.14300000667572,0,0,0,0,0,0,0,0,0,0,0,0,0,0,0,0,0,0,0,0,0,0,0,0,0,0,0,0,0,0,0,0,0,0,0,0,0,0,0,0,0,0,0,0,0,0,0,0,0,0,0,0,0,0,-1.4539999961853,-1.45700001716614,0,0,0,0,0,0,0,0,0,0,0,0,0,0,0,0,0,0,0,0,0,0,0,0,0,0,0,0,0,0,0,0,0,0,0,0,0,0,0,0,0,0,0,0,0,0,0,0,0,0,0,0,0,0,0,0,0,0,0,0,0,0,0,0,0,0,0,0,0,0,0,0,0,0,0,0,0,0,0,0,0.159999996423721,0,0,0,0,0,0,0,0,0,0,0,0,0,0,0,0,0,0,0,0,0,0,0,0,0,0,0,0,0,0,0,0,0,0,0,0,0,0,0
0,0,0,0,0,0,0,0,0,0,0,0,0,0,0,0,0,0,0,0,0,0,0,0,0,0,0,0,0,0,0,0,0,0,0,0,0,0,0,0,0,0,0,0,0,0,0,0,0,0,0,0,0,0,0,0,0,0,0,0,0,0,0,0,0,0,0,0,0,0,0,0,0,0,0,0,0,-1.45299994945526,0,0,0,0,0,0,0,0,0,0,0,0,0,0,0,0,0,0,0,0,0,0,0,0,0,0,0,0,0,0,0,0,0,0,0,0,0,0,0,0,0,0,0,0,0,0,0,0,0,0,0,0,0,0,0,0,0,0,0,0,0,0,0,0,0,0,0,0,0,0,0,0,0,0,0,0,0,0,0,0,0,0,-0.418999999761581,0,0,0,0,0,0,0,0,0,0,0,0,0,0,0,0,0,0,0,0,0,0,0,0,0,0,0,0,0,0,0,0,0,0,0,0,0,0,0
0,0,0,0,0,0,0,0,0,0,0,-1.14699995517731,0,0,0,0,0,0,0,0,-1.13800001144409,0,0,0,0,0,0,0,0,0,0,0,0,0,0,-1.12100005149841,0,0,0,0,0,0,0,0,0,0,0,0,0,0,0,0,0,0,0,0,0,0,0,0,0,0,0,0,0,0,0,0,0,0,0,0,0,0,0,0,0,0,0,0,0,0,0,0,0,0,0,0,0,0,0,0,0,0,0,0,0,0,0,0,0,0,0,0,0,0,0,0,0,0,0,0,0,0,0,0,0,0,0,0,0,0,0,0,0,0,0,0,0,0,0,0,0,0,0,0,0,0,0,0,0,0,0,0,0,0,-1.46000003814697,0,0,0,0,0,0,0,0,0,0,0,0,-1.28799998760223,0.658999979496002,0,0,0,0,0,0,0,0,0,0,0,0,0,0,0,0,0,0,0,0,0,0,0,0,0,0,0,0,0,0,0,0,0,0,0,0,0,0,0
0,0,0,0,0,0,0,0,-1.14600002765656,0,0,0,0,0,0,0,0,0,-1.13499999046326,-1.13499999046326,0,-1.13199996948242,0,0,0,0,0,0,0,0,0,0,0,0,0,0,0,0,0,0,0,0,0,0,0,0,0,0,0,0,0,0,0,0,0,0,0,0,0,0,0,0,0,0,0,0,0,0,0,0,0,0,0,0,0,0,0,-1.44000005722046,0,0,0,0,0,0,0,0,0,0,0,0,0,0,0,0,0,0,0,0,0,0,0,0,0,0,0,0,0,0,0,0,0,0,0,0,0,0,0,0,0,0,0,0,0,0,0,0,0,0,0,0,0,0,0,0,0,0,0,0,0,0,0,0,0,0,0,0,0,0,0,0,0,0,0,0,0,0,0,0,0,0,0.505999982357025,0,0,0,0,0,0,0,0,0,0,0,0,0,0,0,0,0,0,0,0,0,0,0,0,0,0,0,0,0,0,0,0,0,0,0,0,0,0,0
0,0,0,0,0,0,0,-1.14499998092651,0,0,0,0,0,0,0,0,-1.13399994373322,0,0,0,0,0,0,-1.125,0,0,0,-1.12199997901917,0,0,0,0,0,0,0,0,0,0,0,0,0,0,0,0,0,0,0,0,0,0,0,0,0,0,0,0,0,0,0,0,0,0,0,0,0,0,0,0,0,0,0,0,0,0,0,0,0,0,0,0,0,0,0,0,0,0,0,0,0,0,0,0,0,0,0,0,0,0,0,0,0,0,0,0,0,0,0,0,0,0,0,0,0,0,0,0,0,0,0,0,0,0,0,0,0,0,0,0,0,0,0,0,0,0,0,0,0,0,0,0,0,0,0,0,0,0,0,0,0,0,0,0,0,0,0,0,0,0,0,0,0.160999998450279,0,0,0,0,0,0,0,0,0,0,0,0,0,0,0,0,0,0,0,0,0,0,0,0,0,0,0,0,0,0,0,0,0,0,0,0,0,0,0
0,0,0,0,0,0,0,0,0,0,0,-1.1360000371933,0,0,0,0,0,0,0,0,0,0,0,-1.12000000476837,0,0,0,0,0,0,0,0,0,0,0,0,0,0,0,0,0,0,0,0,0,0,0,0,0,0,0,0,0,0,0,0,0,0,0,0,0,0,0,0,0,0,0,0,0,0,0,0,-1.24399995803833,-1.24600005149841,0,0,0,0,0,0,0,0,0,0,0,0,0,0,0,0,0,0,0,0,0,0,0,0,0,0,0,0,0,0,0,0,0,0,0,0,0,0,0,0,0,0,0,0,0,0,0,0,0,0,0,0,0,0,0,0,0,0,0,0,0,0,0,0,0,0,0,0,0,0,0,0,0,0,0,0,0,0,0,0,0,0,0,0,0,0,0.653999984264374,0,0,0,0,0,0,0,0,0,0,0,0,0,0,0,0,0,0,0,0,0,0,0,0,0,0,0,0,0,0,0,0,0,0,0,0,0,0,0
0,0,0,0,0,0,-1.13499999046326,0,0,0,0,0,0,0,0,0,0,0,-1.12100005149841,0,0,0,0,0,0,0,0,0,0,0,0,0,0,0,0,0,0,0,0,0,0,0,0,0,0,0,0,0,0,0,0,0,0,0,0,0,0,0,0,0,0,0,0,0,0,0,0,0,0,0,-1.24300003051758,-1.24399995803833,0,0,0,0,0,0,0,0,0,0,0,0,0,0,0,0,0,0,0,0,0,0,0,0,0,0,0,0,0,0,0,0,0,0,0,0,0,0,0,0,0,0,0,0,0,0,0,0,0,0,0,0,0,0,0,0,0,0,0,0,0,0,0,0,0,0,0,0,0,0,0,0,0,0,-1.43700003623962,0,0,0,0,0,0,0,0,0,0,0,0,0,0.503000020980835,0.160999998450279,0,0,0,0,0,0,0,0,0,0,0,0,0,0,0,0,0,0,0,0,0,0,0,0,0,0,0,0,0,0,0,0,0,0,0,0,0,0
0,0,0,0,0,0,0,0,0,0,-1.12699997425079,0,0,0,0,-1.11899995803833,-1.12100005149841,0,0,0,0,0,0,0,0,0,0,0,0,0,0,0,0,0,0,0,0,0,0,0,0,0,0,0,0,0,0,0,0,0,0,0,0,0,0,0,0,0,0,0,0,0,0,0,0,0,0,0,0,0,0,0,0,0,0,0,0,0,0,0,0,0,0,0,0,0,0,0,0,0,0,0,0,0,0,0,0,0,0,0,0,0,0,0,0,0,0,0,0,0,0,0,0,0,0,0,0,0,0,0,0,0,0,0,0,0,0,0,0,0,0,0,0,0,0,0,0,0,0,0,0,0,0,0,0,0,0,0,0,0,0,0,0,0,0,0,0,0,0,0,-0.921999990940094,-0.40599998831749,0,0,0,0,0,0,0,0,0,0,0,0,0,0,0,0,0,0,0,0,0,0,0,0,0,0,0,0,0,0,0,0,0,0,0,0,0,0
0,0,0,0,0,0,0,0,0,0,0,0,0,0,-1.12000000476837,0,0,0,0,0,0,0,0,0,0,0,0,0,0,0,0,0,0,0,0,0,0,0,0,0,0,0,0,0,0,0,0,0,0,0,0,0,0,0,0,0,0,0,0,0,0,0,0,0,0,0,0,0,0,0,-1.23399996757507,0,0,0,0,0,0,0,0,0,0,0,0,0,0,0,0,0,0,0,0,0,0,0,0,0,0,0,0,0,0,0,0,0,0,0,0,0,0,0,0,0,0,0,0,0,0,0,0,0,0,0,0,0,0,0,0,0,0,0,0,0,0,0,0,0,0,0,0,0,0,0,0,0,0,0,0,0,0,0,0,0,0,0,0,0,0,0,0,-1.25600004196167,0,0.649999976158142,0,0,0,0,0,0,0,0,0,0,0,0,0,0,0,0,0,0,0,0,0,0,0,0,0,0,0,0,0,0,0,0,0,0,0,0,0,0
0,0,0,0,0,0,-1.12600004673004,0,0,0,0,0,0,0,0,0,0,0,0,0,0,0,0,0,0,0,0,0,0,0,0,0,0,0,0,0,0,0,0,0,0,0,0,0,0,0,0,0,0,0,0,0,0,0,0,0,0,0,0,0,0,0,0,0,0,0,0,0,-1.23099994659424,-1.23000001907349,0,0,0,0,0,0,0,0,0,0,0,0,0,0,0,0,0,0,0,0,0,0,0,0,0,0,0,0,0,0,0,0,0,0,0,0,0,0,0,0,0,0,0,0,0,0,0,0,0,0,0,0,0,0,0,0,0,0,0,0,0,0,0,0,0,0,0,0,0,0,0,0,0,0,0,0,0,-1.41999995708466,0,0,0,0,0,0,0,0,0,0,0,0,-0.72299998998642,0,0,0,0,0,0,0,0,0,0,0,0,0,0,0,0,0,0,0,0,0,0,0,0,0,0,0,0,0,0,0,0,0,0,0,0,0,0,0
0,0,0,-1.12399995326996,-1.12399995326996,-1.12100005149841,0,0,-1.11600005626678,0,0,0,0,0,0,0,0,0,0,0,0,0,0,0,0,0,0,0,0,0,0,0,0,0,0,0,0,0,0,0,0,0,0,0,0,0,0,0,0,0,0,0,0,0,0,0,0,0,0,0,0,0,0,0,0,0,0,0,0,0,0,0,-1.22300004959106,0,0,0,0,0,0,0,0,0,0,0,0,0,0,0,0,0,0,0,0,0,0,0,0,0,0,0,0,0,0,0,0,0,0,0,0,0,0,0,0,0,0,0,0,0,0,0,0,0,0,0,0,0,0,0,0,0,0,0,0,0,0,0,0,0,0,0,0,0,0,0,0,0,0,-1.41700005531311,0,0,0,0,0,0,0,0,0,0,0,0,-0.200000002980232,0.5,0,0,0,0,0,0,0,0,0,0,0,0,0,0,0,0,0,0,0,0,0,0,0,0,0,0,0,0,0,0,0,0,0,0,0,0,0,0
0,0,0,0,0,0,0,0,0,0,0,0,0,0,0,0,-1.10099995136261,0,0,0,0,0,0,0,0,0,0,0,0,0,0,0,0,0,0,0,0,0,0,0,0,0,0,0,0,0,0,0,0,0,0,0,0,0,0,0,0,0,0,0,0,0,0,0,0,0,0,-1.21800005435944,0,0,0,0,0,0,0,0,0,0,0,0,0,0,0,0,0,0,0,0,0,0,0,0,0,0,0,0,0,0,0,0,0,0,0,0,0,0,0,0,0,0,0,0,0,0,0,0,0,0,0,0,0,0,0,0,0,0,0,0,0,0,0,0,0,0,0,0,0,0,0,0,0,0,0,0,0,0,0,0,0,0,0,0,0,0,0,0,0,0,0,0,0.162000000476837,0,0,0,0,0,0,0,0,0,0,0,0,0,0,0,0,0,0,0,0,0,0,0,0,0,0,0,0,0,0,0,0,0,0,0,0,0,0,0
0,0,0,0,0,0,0,0,0,0,0,0,0,0,0,0,0,0,0,0,0,0,0,0,0,0,0,0,0,0,0,0,0,0,0,0,0,0,0,0,0,0,0,0,0,0,0,0,0,0,0,0,0,0,0,0,0,0,0,0,0,0,0,0,0,0,0,0,0,0,0,0,0,0,0,0,0,-1.3860000371933,0,0,0,0,0,0,0,0,0,0,0,0,0,0,0,0,0,0,0,0,0,0,0,0,0,0,0,0,0,0,0,0,0,0,0,0,0,0,0,0,0,0,0,0,0,0,0,0,0,0,0,0,0,0,0,0,0,0,0,0,0,0,0,0,0,0,0,0,0,0,-1.40499997138977,0,0,0,0,0,0,0,0,0,0,0,-0.397000014781952,0.643999993801117,0,0,0,0,0,0,0,0,0,0,0,-0.551999986171722,0,0,0,0,0,0,0,0,0,0,0,0,0,0,0,0,0,0,0,0,0,0,0,0,0,0
0,0,0,0,0,0,0,0,0,0,0,0,0,0,0,0,0,0,0,0,0,0,0,0,0,0,0,0,0,0,0,0,0,0,0,0,0,0,0,0,0,0,0,0,0,0,0,0,0,0,0,0,0,0,0,0,0,0,0,0,0,0,0,0,0,0,0,0,0,0,0,0,0,0,0,0,0,0,0,0,0,0,0,0,0,0,0,0,0,0,0,0,0,0,0,0,0,0,0,0,0,0,0,0,0,0,0,0,0,0,0,0,0,0,0,0,0,0,0,0,0,0,0,0,0,0,0,0,0,0,0,0,0,0,0,0,0,0,0,0,0,0,0,0,0,0,0,0,0,0,0,0,0,0,0,0,0,0,0,0,-0.194999992847443,0.495999991893768,0,0,0,0,0,0,0,0,0,0,0,0,0.162000000476837,0,0,0,0,0,0,0,0,0,0,0,0,0,0,0,0,0,0,0,0,0,0,0,0,0
0,0,0,0,0,0,0,0,0,0,0,0,0,0,0,0,0,0,0,0,0,0,0,0,0,0,0,0,0,0,0,0,0,0,0,0,0,0,0,0,0,0,0,0,0,0,0,0,0,0,0,0,0,0,0,0,0,0,0,0,0,-1.20799994468689,0,0,-1.20500004291534,0,-1.2059999704361,0,0,0,0,0,0,0,0,0,0,0,0,0,0,0,0,0,0,0,0,0,0,0,0,0,0,0,0,0,0,0,0,0,0,0,0,0,0,0,0,0,0,0,0,0,0,0,0,0,0,0,0,0,0,0,0,0,0,0,0,0,0,0,0,0,0,0,0,0,0,0,0,0,0,0,0,0,0,0,0,0,-1.39499998092651,0,0,0,0,0,0,0,0,0,0,0,-0.538999974727631,-0.0189999993890524,0,0,0,0,0,0,0,0,0,0,0,0,0,0,0,0,0,0,0,0.298000007867813,0,0,0,0,0,0,0,0,0,0,0,0,0,0,0,0,0,0
0,0,0,0,0,0,0,0,0,0,0,0,0,0,0,0,0,0,0,0,0,0,0,0,0,0,0,0,0,0,0,0,0,0,0,0,0,0,0,0,0,0,0,0,0,0,0,0,0,0,0,0,0,0,0,0,0,0,0,-1.2039999961853,0,0,0,0,0,-1.19799995422363,0,-1.20099997520447,0,0,0,0,0,0,0,0,0,0,0,0,0,0,0,0,0,0,0,0,0,0,0,0,0,0,0,0,0,0,0,0,0,0,0,0,0,0,0,0,0,0,0,0,0,0,0,0,0,0,0,0,0,0,0,0,0,0,0,0,0,0,0,0,0,0,0,0,0,0,0,0,0,0,0,0,0,0,0,0,0,0,0,0,0,0,0,0,0,0,0,0,-0.389999985694885,0.162000000476837,0,0,0,0,0,0,0,0,0,0,0,0,0,0,0,0,0,0,0.298000007867813,0,0,0,0,0,0,0,0,0,0,0,0,0,0,0,0,0,0,0
0,0,0,0,0,0,0,0,0,0,0,0,0,0,0,0,0,0,0,0,0,0,0,0,0,0,0,0,0,0,0,0,0,0,0,0,0,0,0,0,0,0,0,0,0,0,0,0,0,0,0,0,0,0,0,0,0,0,0,0,-1.19799995422363,0,0,0,0,0,0,0,0,0,0,0,0,0,0,0,0,0,0,0,0,0,0,0,0,0,0,0,0,0,0,0,0,0,0,0,0,0,0,0,0,0,0,0,0,0,0,0,0,0,0,0,0,0,0,0,0,0,0,0,0,0,0,0,0,0,0,0,0,0,0,0,0,0,0,0,0,0,0,0,0,0,0,0,0,0,0,0,0,-1.38399994373322,0,0,0,0,0,0,0,0,0,0,0,0.638999998569489,0,0,0,0,0,0,0,0,0,0,0,0,0,0.296999990940094,0.296999990940094,0.296999990940094,0.296999990940094,0.296999990940094,-0.0209999997168779,-0.0209999997168779,0.298000007867813,0,0,0,0,0,0,0,0,0,0,0,0,0,0,0,0,0
0,0,0,0,0,0,0,0,0,0,0,0,0,0,0,0,0,0,0,0,0,0,0,0,0,0,0,0,0,0,0,0,0,0,0,0,0,0,0,0,0,0,0,0,0,0,0,0,0,0,0,0,0,0,0,0,0,0,0,0,0,0,0,0,0,0,0,0,0,0,0,0,0,0,0,0,-1.35800004005432,0,0,0,0,0,0,0,0,0,0,0,0,0,0,0,0,0,0,0,0,0,0,0,0,0,0,0,0,0,0,0,0,0,0,0,0,0,0,0,0,-1.50300002098083,-1.50600004196167,-1.50399994850159,0,-1.50399994850159,0,0,0,0,0,0,0,0,0,0,0,0,0,0,0,-1.51400005817413,0,0,0,0,0,0,-1.52100002765656,0,0,0,0,-1.37899994850159,0,0,0,0,0,0,0,0,0,0,0.163000002503395,-0.531000018119812,0,0,0,0,0,0,0,0,0,0,0,0,-0.541000008583069,-0.194999992847443,-0.194999992847443,-0.195999994874001,-0.395999997854233,-0.544000029563904,-0.196999996900558,-0.398000001907349,0,0,0,0,0,0,0,0,0,0,0,0,0,0,0,0,0,0
0,0,0,0,0,0,0,0,0,0,0,0,0,0,0,0,0,0,0,0,0,0,0,0,0,0,0,0,0,0,0,0,0,0,0,0,0,0,0,0,0,0,0,0,0,0,0,0,0,0,0,0,0,0,0,0,0,-1.19200003147125,-1.19200003147125,0,0,0,0,-1.18700003623962,0,0,0,0,0,0,0,0,0,0,0,0,0,0,0,0,0,0,0,0,0,0,0,0,0,0,0,0,0,0,0,0,0,0,0,0,0,0,0,0,0,0,0,0,0,0,0,0,0,0,0,0,-1.5,0,0,0,-1.50300002098083,0,-1.50100004673004,-1.5,0,-1.49899995326996,-1.50100004673004,-1.50199997425079,-1.50300002098083,-1.50199997425079,-1.50399994850159,-1.50600004196167,-1.50800001621246,-1.50999999046326,-1.5110000371933,-1.5110000371933,-1.51199996471405,0,-1.51400005817413,-1.51400005817413,-1.51199996471405,-1.51300001144409,-1.51600003242493,-1.51499998569489,-1.51699995994568,-1.52100002765656,-1.52100002765656,0,0,0,0,0,0,0,0,0,0,0,0,0,0,-0.38400000333786,0,0,0,0,0,-1.39600002765656,0,0,0,0,0,0,0,0,0,0,0,0,0,0,0,0,0,0,0,0,0,0,0,0,0,0,0,0,0,0,0,0
0,0,0,0,0,0,0,0,0,0,0,0,0,0,0,0,0,0,0,0,0,0,0,0,0,0,0,0,0,0,0,0,0,0,0,0,0,0,0,0,0,0,0,0,0,0,0,0,0,0,0,0,0,0,0,0,0,0,0,0,0,0,0,0,0,0,0,0,0,0,0,0,0,0,0,0,0,0,0,0,0,0,0,0,0,0,0,0,0,0,0,0,0,0,0,0,0,0,0,0,-1.48699998855591,-1.48699998855591,-1.4889999628067,-1.4889999628067,-1.49100005626678,-1.49000000953674,-1.49000000953674,-1.49199998378754,-1.49199998378754,-1.49300003051758,-1.49300003051758,-1.49300003051758,-1.49100005626678,-1.4889999628067,-1.49000000953674,-1.49399995803833,0,0,0,0,0,0,0,0,-1.49899995326996,0,0,0,0,0,0,0,0,0,0,0,0,0,0,0,0,0,0,0,0,0,0,0,0,0,-1.37100005149841,0,0,0,0,0,0,0,0,0,-0.878000020980835,0.63400000333786,0,0,0,0,0,0,0,0,0,0,0,0,0,0,0,0,0,0,0,0,0,0,0,0,0,0,0,0,0,0,0,0,0,0,0,0,0,0
0,0,0,0,0,0,0,0,0,0,0,0,0,0,0,0,0,0,0,0,0,0,0,0,0,0,0,0,0,0,0,0,0,0,0,0,0,0,0,0,0,0,0,0,0,0,0,0,0,0,0,0,0,0,0,0,0,0,0,0,0,0,0,0,0,-1.17599999904633,0,0,0,0,0,0,0,0,0,0,0,0,0,0,0,0,0,0,0,0,0,0,0,0,0,0,0,0,-1.48000001907349,0,-1.48199999332428,-1.48199999332428,-1.48500001430511,-1.48500001430511,0,0,0,0,0,0,0,0,0,0,0,0,0,0,0,0,0,0,0,0,0,0,0,0,0,0,0,0,0,0,0,0,0,0,0,0,0,0,0,0,0,0,0,0,0,0,-1.50600004196167,0,0,0,0,-1.3639999628067,0,0,0,0,0,0,0,0,-0.186000004410744,0.490000009536743,0,0,0,0,0,0,0,0,0,0,0,0,0,0,0,0,0,0,0,0,0,0,0,0,0,0,0,0,0,0,0,0,0,0,0,0,0,0
0,0,0,0,0,0,0,0,0,0,0,0,0,0,0,0,0,0,0,0,0,0,0,0,0,0,0,0,0,0,0,0,0,0,0,0,0,0,0,0,0,0,0,0,0,0,0,0,0,0,0,0,0,0,0,-1.17599999904633,0,0,0,0,0,0,0,0,0,0,0,0,0,0,0,0,0,0,0,-1.33899998664856,0,0,0,0,0,0,0,0,0,0,-1.47599995136261,-1.47599995136261,-1.47699999809265,-1.47699999809265,-1.47699999809265,-1.47599995136261,-1.47699999809265,-1.47800004482269,-1.47899997234344,-1.48000001907349,0,0,0,0,0,0,0,0,0,0,0,0,0,0,0,0,0,0,0,0,0,0,0,0,0,0,0,0,0,0,0,0,0,0,0,0,0,0,0,0,0,0,0,0,0,0,0,0,0,0,0,0,0,0,0,0,0,0,0,0,0,0,0,0,-1.19400000572205,0.163000002503395,0,0,0,0,0,0,0,0,0,0,0,0,0,0,0,0,0,0,0,0,0,0,0,0,0,0,0,0,0,0,0,0,0,0,0,0,0,0
0,0,0,0,0,0,0,0,0,0,0,0,0,0,0,0,0,0,0,0,0,0,0,0,0,0,0,0,0,0,0,0,0,0,0,0,0,0,0,0,0,0,0,0,0,0,0,0,0,0,0,0,0,0,0,0,0,0,0,0,0,0,0,0,0,0,0,0,0,0,0,0,0,0,0,0,0,-1.47599995136261,0,0,0,0,0,-1.47300004959106,-1.47500002384186,-1.47500002384186,0,0,0,0,0,0,0,0,0,0,0,0,0,0,0,0,0,0,0,0,0,0,0,0,0,0,0,0,0,0,0,0,0,0,0,0,0,0,0,0,0,0,0,0,0,0,0,0,0,0,0,0,0,0,0,0,0,0,0,0,0,0,0,0,0,0,-1.35800004005432,-1.35699999332428,-1.35599994659424,0,0,0,0,0,0,0.629000008106232,0,0,0,0,0,0,0,0,0,0,0,0,0,0,0,0,0,0,0,0,0,0,0,0,0,0,0,0,0,0,0,0,0,0,0,0,0,0
0,0,0,0,0,0,0,0,0,0,0,0,0,0,0,0,0,0,0,0,0,0,0,0,0,0,0,0,0,0,0,0,0,0,0,0,0,0,0,0,0,0,0,0,0,0,-1.17700004577637,0,0,0,0,0,0,0,-1.16600000858307,0,0,0,-1.16600000858307,0,0,0,-1.16199994087219,0,0,0,0,0,0,0,0,0,0,0,0,0,0,0,-1.47099995613098,0,0,-1.46700000762939,-1.47000002861023,-1.47000002861023,0,0,0,0,0,0,0,0,0,0,0,0,0,0,0,0,0,0,0,0,0,0,0,0,0,0,0,0,0,0,0,0,0,0,0,0,0,0,0,0,0,0,0,0,0,0,0,0,0,0,0,0,0,0,0,0,0,0,0,0,0,0,0,0,0,0,0,0,0,0,0,0,0,0,0,0,-0.181999996304512,0.486999988555908,0,0,0,0,0,0,0,0,0,0,0,0,0,0,0,0,0,0,0,0,0,0,0,0,0,0,0,0,0,0,0,0,0,0,0,0,0,0
0,0,0,0,0,0,0,0,0,0,0,0,0,0,0,0,0,0,0,0,0,0,0,0,0,0,0,0,0,0,0,-1.18799996376038,0,0,0,0,0,0,0,0,0,0,0,-1.17200005054474,-1.17400002479553,0,-1.16999995708466,-1.17200005054474,0,0,0,0,0,0,0,0,0,0,0,0,0,0,0,0,0,0,0,0,0,0,0,0,0,0,0,0,0,0,0,-1.46300005912781,-1.4650000333786,0,0,0,0,0,0,0,0,0,0,0,0,0,0,0,0,0,0,0,0,0,0,0,0,0,0,0,0,0,0,0,0,0,0,0,0,0,0,0,0,0,0,0,0,0,0,0,0,0,0,0,0,0,0,0,0,0,0,0,0,0,0,0,0,0,-1.48500001430511,0,0,0,0,0,0,0,0,0,0,0,0,0,-1.17799997329712,0.164000004529953,0,0,0,0,0,0,0,0,0,0,0,0,0,0,0,0,0,0,0,0,0,0,0,0,0,0,0,0,0,0,0,0,0,0,0,0,0,0
0,0,0,0,0,0,0,0,0,0,0,0,0,0,0,0,0,0,0,0,0,0,0,0,0,0,0,0,0,0,0,0,0,0,0,0,0,0,0,0,0,0,0,0,0,0,0,0,-1.16600000858307,0,0,0,0,-1.15900003910065,0,0,0,0,0,0,0,0,0,0,0,0,0,0,0,0,0,0,0,0,0,0,0,0,0,0,0,0,0,0,0,0,0,0,0,0,0,0,0,0,0,0,0,0,0,0,0,0,0,0,0,0,0,0,0,0,0,0,0,0,0,0,0,0,0,0,0,0,0,0,0,0,0,0,0,0,0,0,0,0,0,0,0,0,0,0,0,0,0,0,0,0,0,0,0,0,0,0,0,0,0,0,0,0,0,0,-0.853999972343445,0.625,0,0,0,0,0,0,0,0,0,0,0,0,0,0,0,0,0,0,0,0,0,0,0,0,0,0,0,0,0,0,0,0,0,0,0,0,0,0
0,0,0,0,0,0,0,0,0,0,0,0,0,0,0,0,0,0,0,0,0,0,0,0,0,0,0,0,0,0,0,-1.17900002002716,0,0,0,0,0,0,0,0,0,0,0,-1.16400003433228,0,-1.16199994087219,0,0,0,0,0,0,0,0,0,0,0,0,0,0,0,0,0,0,0,0,0,0,0,0,0,0,0,0,0,0,0,0,0,0,0,0,0,0,0,0,0,0,0,0,0,0,0,0,0,0,0,0,0,0,0,0,0,0,0,0,0,0,0,0,0,0,0,0,0,0,0,0,0,0,0,0,0,0,0,0,0,0,0,0,0,0,0,0,0,0,0,0,0,0,0,0,0,0,0,0,0,0,0,0,0,0,0,-1.33200001716614,0,0,0,0,0,0,0,0.483999997377396,0,0,0,0,0,0,0,0,0,0,0,0,0,0,0,0,0,0,0,0,0,0,0,0,0,0,0,0,0,0,0,0,0,0,0,0,0,0
0,0,0,0,0,0,0,0,0,0,0,0,0,0,0,0,0,0,0,0,0,0,0,0,0,0,0,0,0,0,0,0,0,0,0,0,0,0,0,0,0,-1.1599999666214,-1.16100001335144,0,0,0,0,0,0,0,0,0,-1.15299999713898,0,0,0,0,0,0,0,0,0,0,0,-1.13900005817413,0,0,0,0,0,0,0,0,0,0,-1.30400002002716,0,-1.442999958992,0,0,0,0,0,0,0,0,0,0,0,0,0,0,0,0,0,0,0,0,0,0,0,0,0,0,0,0,0,0,0,0,0,0,0,0,0,0,0,0,0,0,0,0,0,0,0,0,0,0,0,0,0,0,0,0,0,0,0,0,0,0,0,0,0,0,0,0,0,-1.46399998664856,0,0,0,0,0,0,0,0,0,0,0,0,0,0.164000004529953,0,0,0,0,0,0,0,0,0,0,0,0,0,0,0,0,0,0,0,0,0,0,0,0,0,0,0,0,0,0,0,0,0,0,0,0,0,0
0,0,0,0,0,0,0,0,0,0,0,0,0,0,0,0,0,0,0,0,0,0,0,0,0,0,0,-1.17400002479553,0,0,0,0,0,0,0,0,0,0,-1.15900003910065,-1.15900003910065,-1.1599999666214,0,0,0,0,0,0,0,0,0,0,0,0,0,0,0,0,0,-1.14199995994568,0,0,0,0,0,0,0,0,0,0,0,0,0,0,0,0,0,0,0,0,0,0,0,0,0,0,0,0,0,0,0,0,0,0,0,0,0,0,0,0,0,0,0,0,0,0,0,0,0,0,0,0,0,0,0,0,0,0,0,0,0,0,0,0,0,0,0,0,0,0,0,0,0,0,0,0,0,0,0,0,0,0,0,0,0,0,0,0,0,0,0,0,0,0,0,-1.32400000095367,0,0,0,0,0,0.825999975204468,0.620999991893768,0,0,0,0,0,0,0,0,0,0,0,0,0,0,0,0,0,0,0,0,0,0,0,0,0,0,0,0,0,0,0,0,0,0,0,0,0,0
0,0,0,0,0,0,0,0,0,0,0,0,0,0,0,0,0,0,0,0,0,-1.17400002479553,0,-1.17400002479553,0,-1.17200005054474,-1.17200005054474,0,0,-1.16600000858307,-1.16499996185303,0,0,0,0,0,0,-1.15600001811981,-1.15699994564056,0,0,0,0,0,0,0,0,0,0,0,-1.14499998092651,-1.14199995994568,0,0,0,0,0,-1.13900005817413,0,0,0,0,0,0,0,0,0,0,0,0,0,0,0,0,0,-1.2940000295639,0,0,0,0,0,0,0,0,0,0,0,0,0,0,0,0,0,0,0,0,0,0,0,0,0,0,0,0,0,0,0,0,0,0,0,0,0,0,0,0,0,0,0,0,0,0,0,0,0,0,0,0,0,0,0,0,0,0,0,0,0,0,0,0,0,0,0,0,0,0,0,0,0,0,0,0,0,0,0,0,0,0,0,0,0,0.479999989271164,0,0,0,0,0,0,0,0,0,0,0,0,0,0,0,0,0,0,0,0,0,0,0,0,0,0,0,0,0,0,0,0,0,0,0,0,0,0
0,0,0,0,0,0,0,0,0,0,0,0,0,0,0,0,0,0,0,-1.17299997806549,-1.17200005054474,0,-1.16999995708466,0,-1.16600000858307,0,-1.16499996185303,0,-1.16499996185303,0,0,-1.15900003910065,0,-1.15400004386902,0,0,-1.15400004386902,-1.14999997615814,0,0,0,0,0,0,0,0,0,0,0,0,0,0,0,0,0,-1.13199996948242,0,0,0,0,0,0,0,0,0,0,0,0,0,0,0,0,0,0,0,0,0,0,0,0,0,0,0,0,0,0,0,0,0,0,0,0,0,0,0,0,0,0,0,0,0,0,0,0,0,0,0,0,0,0,0,0,0,0,0,0,0,0,0,0,0,0,0,0,0,0,0,0,0,0,0,0,0,0,0,0,0,0,0,0,0,0,0,0,0,0,0,0,0,0,0,0,0,0,0,0,0,-1.317999958992,0,0,0.948000013828278,0.820999979972839,0.822000026702881,0.823000013828278,0.949999988079071,0,0,0,0,0,0,0,0,0,0,0,0,0,0,0,0,0,0,0,0,0,0,0,0,0,0,0,0,0,0,0,0,0,0,0
0,0,0,0,0,0,0,0,0,0,0,0,0,0,0,-1.17400002479553,0,0,-1.17200005054474,-1.17299997806549,0,-1.16999995708466,0,0,0,0,0,0,0,0,0,0,0,0,0,-1.14900004863739,0,0,0,0,0,0,0,0,0,0,0,0,0,0,0,0,0,0,0,0,0,0,0,0,0,0,0,0,0,0,0,0,0,0,0,0,0,0,-1.28199994564056,0,0,0,0,0,0,0,0,0,0,0,0,0,0,0,0,0,0,0,0,0,0,0,0,0,0,0,0,0,0,0,0,0,0,0,0,0,0,0,0,0,0,0,0,0,0,0,0,0,0,0,0,0,0,0,0,0,0,0,0,0,0,0,0,0,0,0,0,0,0,0,0,-1.442999958992,0,0,0,0,0,0,0,0,0,0,-1.31400001049042,0.947000026702881,0,0.948000013828278,0.948000013828278,0.949000000953674,0,0,0,0,0,0,0,0,0,0,0,0,0,0,0,0,0,0,0,0,0,0,0,0,0,0,0,0,0,0,0,0,0,0,0,0
0,0,0,0,0,0,0,0,0,0,0,-1.17700004577637,0,-1.17499995231628,-1.17400002479553,0,-1.16799998283386,0,0,0,0,0,0,0,0,0,0,0,0,0,0,0,0,0,0,0,0,0,0,0,0,0,0,0,0,0,0,0,0,0,0,0,0,0,0,0,0,0,0,0,0,0,0,0,0,0,0,0,0,0,0,0,0,0,0,0,0,0,0,0,0,0,0,0,0,0,0,0,0,0,0,0,0,0,0,0,0,0,0,0,0,0,0,0,0,0,0,0,0,0,0,0,0,0,0,0,0,0,0,0,0,0,0,0,0,0,0,0,0,0,0,0,0,0,0,0,0,0,0,0,0,0,0,0,0,0,0,0,0,0,0,0,0,0,-1.30099999904633,-1.30200004577637,0,0,0,0,0,-0.354999989271164,0.165000006556511,0,0,0,0,0,0,0,0,0,0,0,0,0,0,0,0,0,0,0,0,0,0,0,0,0,0,0,0,0,0,0,0,0,0,0,0,0
0,0,0,0,0,0,0,0,0,0,0,0,0,0,0,0,0,0,0,0,0,0,0,0,0,0,0,0,0,0,0,0,0,0,0,0,0,0,0,0,0,0,0,0,0,0,0,0,0,0,0,0,0,0,0,0,0,0,0,0,0,0,0,0,0,0,0,0,0,0,0,0,0,0,0,0,0,0,0,0,0,0,0,0,0,0,0,0,0,0,0,0,0,0,0,0,0,0,0,0,0,0,0,0,0,0,0,0,0,0,0,0,0,0,0,0,0,0,0,0,0,0,0,0,0,0,0,0,0,0,0,0,0,0,0,0,0,0,0,0,0,0,0,0,0,0,0,-1.42999994754791,0,0,0,0,0,0,0,0,0,0,0,0,0,0,0,0,0,0,0,0,0,0,0,0,0,0,0,0,0,0,0,0,0,0,0,0,0,0,0,0,0,0,0,0,0,0,0,0,0,0,0,0
0,0,0,0,0,0,0,0,0,0,0,-1.16999995708466,0,0,0,0,0,0,0,0,0,0,0,0,0,0,0,0,0,0,0,0,0,0,0,0,0,0,0,0,0,0,0,0,0,0,0,0,0,0,0,0,0,0,0,0,0,0,0,0,0,0,0,0,0,0,0,0,0,0,0,0,0,0,0,0,0,0,0,0,0,0,0,0,0,0,0,0,0,0,0,0,0,0,0,0,0,0,0,0,0,0,0,0,0,0,0,0,0,0,0,0,0,0,0,0,0,0,0,0,0,0,0,0,0,0,0,0,0,0,0,0,0,0,0,0,0,0,0,0,0,0,0,0,0,0,0,0,-1.42499995231628,0,0,0,0,0,0,0,0,0,0,0,0,0,0.612999975681305,0,0,0,0,0,0,0,0,0,0,0,0,0,0,0,0,0,0,0,0,0,0,0,0,0,0,0,0,0,0,0,0,0,0,0,0,0
0,0,0,0,0,0,0,0,0,0,0,0,0,-1.16100001335144,0,0,0,0,-1.15499997138977,0,0,0,0,0,0,0,0,0,0,0,0,0,0,0,0,0,0,0,0,0,0,0,0,0,0,0,0,0,0,0,0,0,0,0,0,0,0,0,0,0,0,0,0,0,0,0,0,0,0,0,0,-1.25999999046326,0,0,-1.26199996471405,0,0,0,0,0,0,0,0,0,0,0,0,0,0,0,0,0,0,0,0,0,0,0,0,0,0,0,0,0,0,0,0,0,0,0,0,0,0,0,0,0,0,0,0,0,0,0,0,0,0,0,0,0,0,0,0,0,0,0,0,0,0,0,0,0,0,0,0,0,0,0,0,0,-1.41700005531311,0,0,0,0,0,0,0,0,-1.28600001335144,0,0,0,-0.165000006556511,0.474999994039536,0,0,0,0,0,0,0,0,0,0,0,0,0,0,0,0,0,0,0,0,0,0,0,0,0,0,0,0,0,0,0,0,0,0,0,0,0
0,0,0,0,0,0,0,0,0,0,0,0,0,0,0,0,0,0,0,0,0,0,0,0,0,0,0,0,0,0,0,0,0,0,0,0,0,0,0,0,0,0,0,0,0,0,0,0,0,0,0,0,0,0,0,0,0,0,0,0,0,0,0,0,0,0,0,0,0,0,0,0,-1.25499999523163,-1.25199997425079,0,0,0,-1.38800001144409,0,0,0,0,0,0,0,0,0,0,0,0,0,0,0,0,0,0,0,0,0,0,0,0,0,0,0,0,0,0,0,0,0,0,0,0,0,0,0,0,0,0,0,0,0,0,0,0,0,0,0,0,0,0,0,0,0,0,0,0,0,0,0,0,0,0,0,0,0,0,0,0,0,0,0,0,0,0,0,0,0,0,0,-0.0020000000949949,0,0,0,0,0,0,0,0,0,0,0,0,0,0,0,0,0,0,0,0,0,0,0,0,0,0,0,0,0,0,0,0,0,0,0,0,0,0
0,0,0,0,0,-1.16600000858307,0,0,0,0,0,0,0,0,0,0,0,0,0,0,0,0,0,0,0,0,0,0,0,0,0,0,0,0,0,0,0,0,0,0,0,0,0,0,0,0,0,0,0,0,0,0,0,0,0,0,0,0,0,0,0,0,0,0,0,0,0,0,0,0,0,0,0,0,0,0,0,0,0,0,0,0,0,0,0,0,0,0,0,0,0,0,0,0,0,0,0,0,0,0,0,0,0,0,0,0,0,0,0,0,0,0,0,0,0,0,0,0,0,0,0,0,0,0,0,0,0,0,0,0,0,0,0,0,0,0,0,0,0,0,0,0,0,0,0,0,0,0,0,0,0,0,0,0,0,0,0,0,0,0,0,-0.810999989509583,0.607999980449677,0,0,0,0,0,0,0,0,0,0,0,0,0,0,0,0,0,0,0,0,0,0,0,0,0,0,0,0,0,0,0,0,0,0,0,0,0
0,0,-1.16499996185303,0,-1.1599999666214,0,0,0,0,0,0,0,0,0,0,0,0,0,0,0,0,0,0,0,0,0,0,0,0,0,0,0,0,0,0,0,0,0,0,0,0,0,0,0,0,0,0,0,0,0,0,0,0,0,0,0,0,0,0,0,0,0,0,0,0,0,0,0,0,-1.24500000476837,-1.24399995803833,0,0,0,0,0,0,0,0,0,0,0,0,0,0,0,0,0,0,0,0,0,0,0,0,0,0,0,0,0,0,0,0,0,0,0,0,0,0,0,0,0,0,0,0,0,0,0,0,0,0,0,0,0,0,0,0,0,0,0,0,0,0,0,0,0,0,0,0,0,0,0,0,0,0,0,0,0,0,-1.39900004863739,0,0,0,0,0,0,0,0,0,0,-1.27699995040894,-0.162000000476837,0.472000002861023,0,0,0,0,0,0,0,0,0,0,0,0,0,0,0,0,0,0,0,0,0,0,0,0,0,0,0,0,0,0,0,0,0,0,0,0,0
0,0,0,0,0,0,0,0,0,0,0,0,0,0,0,0,0,0,0,0,0,0,0,0,0,0,0,0,0,0,0,0,0,0,0,0,0,0,0,0,0,0,0,0,0,0,0,0,0,0,0,0,0,0,0,0,0,0,0,0,0,0,0,0,0,0,0,-1.2389999628067,-1.24100005626678,0,0,-1.24000000953674,0,0,0,0,0,0,0,0,0,0,0,0,0,0,0,0,0,0,0,0,0,0,0,0,0,0,0,0,0,0,0,0,0,0,0,0,0,0,0,0,0,0,0,0,0,0,0,0,0,0,0,0,0,0,0,0,0,0,0,0,0,0,0,0,0,0,0,0,0,0,0,0,0,0,0,0,0,-1.39499998092651,0,0,0,0,0,0,0,0,0,0,0,-1.10699999332428,-0.957000017166138,0,0,0,0,0,0,0,0,0,0,0,0,0,0,0,0,0,0,0,0,0,0,0,0,0,0,0,0,0,0,0,0,0,0,0,0,0
0,0,0,0,0,0,0,0,0,0,0,0,0,0,0,0,0,0,0,0,0,0,0,0,0,0,0,0,0,0,0,0,0,0,0,0,0,0,0,0,0,0,0,0,0,0,0,0,0,0,0,0,0,0,0,0,0,0,0,0,0,0,0,0,0,0,0,0,0,0,0,0,0,0,0,0,0,-1.36500000953674,0,0,0,0,0,0,0,0,0,0,0,0,0,0,0,0,0,0,0,0,0,0,0,0,0,0,0,0,0,0,0,0,0,0,0,0,0,0,0,0,0,0,0,0,0,0,0,0,0,0,0,0,0,0,0,0,0,0,0,0,0,0,0,0,0,0,0,0,0,0,0,0,0,0,0,0,0,0,0,0,0,0,0,0.603999972343445,0,0,0,0,0,0,0,0,0,0,0,0,0,0,0,0,0,0,0,0,0,0,0,0,0,0,0,0,0,0,0,0,0,0,0,0,0,0
0,-1.15100002288818,0,0,0,0,0,0,0,0,0,0,0,0,0,0,0,0,0,0,0,0,0,0,0,0,0,0,0,0,0,0,0,0,0,0,0,0,0,0,0,0,0,0,0,0,0,0,0,0,0,0,0,0,0,0,0,0,0,0,0,0,0,0,0,-1.23000001907349,-1.22899997234344,0,0,0,0,0,0,0,0,0,0,0,0,0,0,0,0,0,0,0,0,0,0,0,0,0,0,0,0,0,0,0,0,0,0,0,0,0,0,0,0,0,0,0,0,0,0,0,0,0,0,0,0,0,0,0,0,0,0,0,0,0,0,0,0,0,0,0,0,0,0,0,0,0,0,0,0,0,0,0,0,0,0,0,0,0,0,0,0,0,0,-1.25699996948242,0,0,-1.26199996471405,0.46900001168251,0,0,0,0,0,0,0,0,0,0,0,0,0,0,0,0,0,0,0,0,0,0,0,0,0,0,0,0,0,0,0,0,0,0,0,0,0,0
0,0,0,0,-1.14499998092651,0,0,0,0,0,0,0,0,0,0,0,0,0,0,0,0,0,0,0,0,0,0,0,0,0,0,0,0,0,0,0,0,0,0,0,0,0,0,0,0,0,0,0,0,0,0,0,0,0,0,0,0,0,0,0,0,0,0,0,0,-1.22699999809265,0,-1.22399997711182,0,0,0,0,0,0,0,0,0,0,0,0,0,0,0,0,0,0,0,0,0,0,0,0,0,0,0,0,0,0,0,0,0,0,0,0,0,0,0,0,0,0,0,-1.52600002288818,0,0,0,0,-1.52400004863739,-1.52499997615814,-1.52600002288818,-1.52600002288818,-1.52499997615814,-1.52499997615814,0,0,0,0,0,0,0,0,0,0,0,-1.53400003910065,-1.5349999666214,-1.53600001335144,-1.53699994087219,-1.53799998760223,-1.53900003433228,0,0,0,0,0,0,0,0,0,0,-1.37800002098083,0,0,0,0,0,0,0,0,0,0,0,-0.335999995470047,0.600000023841858,0,0,0,0,0,0,0,0,0,0,0,0,0,-0.477999985218048,0,0,0,0,0,0,0,0,0,0,0,0,0,0,0,0,0,0,0,0,0,0,0
-1.14499998092651,0,-1.13900005817413,0,0,0,0,0,0,0,0,0,0,0,0,0,0,0,0,0,0,0,0,0,0,0,0,0,0,0,0,0,0,0,0,0,0,0,0,0,0,0,0,0,0,0,0,0,0,0,0,0,0,0,0,0,0,0,0,0,-1.22500002384186,-1.22200000286102,0,-1.22099995613098,0,0,0,0,0,0,0,0,0,0,0,0,0,0,0,0,0,0,0,0,0,0,0,0,0,0,0,0,0,0,0,0,0,0,0,0,0,0,0,0,0,0,0,0,-1.51300001144409,-1.51400005817413,-1.51300001144409,0,0,0,0,0,-1.51699995994568,0,0,0,0,0,-1.52499997615814,-1.52300000190735,-1.52100002765656,-1.52100002765656,-1.52100002765656,-1.52199995517731,-1.52300000190735,-1.52499997615814,-1.52499997615814,-1.52900004386902,-1.53100001811981,-1.53299999237061,0,-1.5349999666214,0,0,0,-1.53900003433228,-1.53799998760223,-1.53799998760223,0,-1.53699994087219,-1.53900003433228,-1.53900003433228,-1.5440000295639,-1.54299998283386,0,0,0,0,0,0,0,0,0,0,0,0,-1.24899995326996,0,0.467000007629395,0,0,0,0,0,0,0,0,0,0,0,0,0.165999993681908,0,0,0,-0.63400000333786,0,0,0,0,0,0,0,0,0,0,0,0,0,0,0,0,0,0,0,0
-1.13900005817413,0,0,0,0,0,0,0,0,0,0,0,0,0,0,0,0,0,0,0,0,0,0,0,0,0,0,0,0,0,0,0,0,0,0,0,0,0,0,0,0,0,0,0,0,0,0,0,0,0,0,0,0,0,0,0,0,0,0,0,0,0,-1.21899998188019,0,-1.21399998664856,0,0,0,0,0,0,0,0,0,0,0,0,0,0,0,0,0,0,0,0,0,0,0,0,0,0,0,0,0,0,0,0,0,0,0,0,-1.50499999523163,-1.50699996948242,-1.50800001621246,-1.50899994373322,-1.50999999046326,-1.5110000371933,-1.5110000371933,-1.5110000371933,0,0,0,-1.51300001144409,0,-1.50999999046326,-1.5110000371933,0,0,0,0,0,0,0,0,0,-1.51900005340576,0,0,0,0,0,0,0,0,0,0,0,0,0,0,0,-1.5349999666214,-1.5349999666214,0,0,0,0,0,0,0,-1.36899995803833,0,0,0,0,0,0,-1.2389999628067,0,0,0,0,-0.46399998664856,0,0,0,0,0,0,0,0,0,0,0,0,0.00100000004749745,-0.474000006914139,0,0,0,0,0,0,0,0,0,0,0,0,0,0,0,0,0,0,0,0,0,0,0
0,0,0,0,0,0,0,0,0,0,0,0,0,0,0,0,0,0,0,0,0,0,0,0,0,0,0,0,0,0,0,0,0,0,0,0,0,0,-1.07799994945526,0,0,0,0,0,0,0,0,0,0,0,0,0,0,0,0,0,0,0,0,-1.21800005435944,0,0,0,0,0,0,0,0,0,0,0,0,0,0,0,0,-1.33500003814697,0,0,0,0,0,0,0,0,0,0,0,0,0,0,0,0,0,0,0,0,-1.49899995326996,-1.5,-1.50100004673004,-1.50199997425079,0,0,0,0,0,0,0,0,0,0,0,0,0,0,0,0,0,0,0,0,0,0,0,0,0,0,0,0,0,0,0,0,0,0,0,0,0,0,0,0,0,0,0,0,0,0,-1.53199994564056,0,0,0,-1.36300003528595,0,0,0,0,0,0,0,0,0,-0.778999984264374,0.596000015735626,0,0,0,0,0,0,0,0,0,0,0,0,-0.157000005245209,0.287999987602234,-0.470999985933304,0,0.00100000004749745,0,0,0,0.289000004529953,0,0,0,0,0,0,0,0,0,0,0,0,0,0,0,0
0,0,0,0,0,0,0,-1.11699998378754,0,0,0,0,0,0,0,0,0,0,0,0,0,0,0,0,0,0,0,0,0,0,0,0,0,0,0,0,0,0,0,0,0,0,0,0,0,0,0,0,0,0,0,0,0,0,0,0,0,-1.21099996566772,-1.21200001239777,0,-1.20899999141693,0,0,0,0,0,0,0,0,0,0,0,0,0,0,0,0,0,0,0,0,0,0,0,0,0,0,-1.49300003051758,0,-1.49199998378754,-1.49199998378754,-1.49199998378754,-1.49399995803833,-1.49500000476837,-1.49500000476837,-1.49600005149841,-1.49600005149841,0,0,0,0,0,0,0,0,0,0,0,0,0,0,0,0,0,0,0,0,0,0,0,0,0,0,0,0,0,0,0,0,0,0,0,0,0,0,0,0,0,0,0,0,0,0,0,0,0,0,0,0,0,0,-1.35199999809265,0,0,0,0,0,0,0,0,0,-1.07099997997284,0.46399998664856,0,0,0,0,0,0,0,0,0,0,0,0,0,0.287999987602234,0.287999987602234,0.46900001168251,0.287999987602234,0.287999987602234,0.289000004529953,-0.796000003814697,0.289000004529953,0.00100000004749745,0,0,0,0,0,0,0,0,0,0,0,0,0,0,0
0,0,0,0,0,0,0,0,0,0,0,0,0,0,0,0,0,0,0,0,0,0,0,0,0,0,0,0,0,0,0,0,0,0,0,0,0,0,0,0,0,0,0,0,0,0,0,0,0,0,0,0,0,-1.20700001716614,0,0,0,-1.20500004291534,0,0,0,0,0,0,0,0,0,0,0,0,0,0,0,0,0,0,-1.32400000095367,0,-1.49600005149841,0,0,0,0,0,0,0,-1.48699998855591,-1.4889999628067,-1.49199998378754,0,0,0,0,0,0,0,0,0,0,0,0,0,0,0,0,0,0,0,0,0,0,0,0,0,0,0,0,0,0,0,0,0,0,0,0,0,0,0,0,0,0,0,0,0,0,0,0,0,0,0,0,0,0,0,0,0,0,0,0,0,0,0,0,0,0,0,0,0,0,0,0,0,0,0,0,0,0,0,0,0,0,0,0,0,0,0,0,0,0.287999987602234,0,0.0020000000949949,-0.158000007271767,0.289000004529953,-0.472000002861023,0,0,0,0,0,0,0,0,0,0,0,0,0,0,0,0
0,0,0,0,0,0,0,0,0,0,0,0,0,0,0,0,0,0,0,0,0,0,0,0,0,0,0,0,0,0,0,0,0,0,0,0,0,0,0,0,0,0,0,0,0,-1.21399998664856,0,0,0,0,0,0,-1.20299994945526,0,0,-1.20500004291534,0,0,0,0,0,0,0,0,0,0,0,0,0,0,0,0,0,0,0,0,0,-1.49000000953674,0,-1.48800003528595,0,-1.48199999332428,-1.48300004005432,-1.48300004005432,-1.48399996757507,-1.48500001430511,0,0,0,0,0,0,0,0,0,0,0,0,0,0,0,0,0,0,0,0,0,0,0,0,0,0,0,0,0,0,0,0,0,0,0,0,0,0,0,0,0,0,0,0,0,0,0,0,0,0,0,0,0,0,0,0,0,0,0,0,0,-1.51499998569489,0,0,0,-1.34200000762939,-1.34599995613098,0,0,0,0,0,0,0,0,-0.769999980926514,0.592000007629395,0,0,0,0,0,0,0,0,0,0,0,0,0,0,0,0,0,0,0,0,0,0,0,0,0,0,0,0,0,0,0,0,0,0,0,0,0
0,0,0,0,0,0,0,0,0,0,0,0,0,0,0,0,0,0,0,0,0,0,0,0,0,0,0,0,0,0,0,0,0,0,0,0,0,0,0,0,0,0,0,0,0,-1.20899999141693,-1.20700001716614,-1.20799994468689,0,0,0,0,0,0,0,0,-1.19599997997284,0,0,0,0,0,0,0,0,0,0,0,0,0,0,0,0,0,0,-1.31400001049042,0,0,0,0,-1.47899997234344,-1.48099994659424,0,0,0,0,0,0,0,0,0,0,0,0,0,0,0,0,0,0,0,0,0,0,0,0,0,0,0,0,0,0,0,0,0,0,0,0,0,0,0,0,0,0,0,0,0,0,0,0,0,0,0,0,0,0,0,0,0,0,0,0,0,0,0,0,0,0,0,0,0,0,0,-1.34099996089935,0,0,-1.21000003814697,0,0,0,0,0,0.00800000037997961,0,0,0,0,0,0,0,0,0,0,0,0,0,0,0,0,0,0,0,0,0,0,0,0,0,0,0,0,0,0,0,0,0,0,0,0,0
0,0,0,0,0,0,0,0,0,0,0,0,0,0,0,0,0,0,0,0,0,0,0,0,0,0,0,0,0,0,0,0,0,0,0,0,0,0,0,0,0,0,0,0,-1.20299994945526,0,0,0,0,0,0,0,0,0,0,0,0,0,0,0,0,0,0,0,0,0,0,0,0,0,0,0,0,0,-1.30900001525879,0,0,0,0,0,0,0,0,0,0,0,0,0,0,0,0,0,0,0,0,0,0,0,0,0,0,0,0,0,0,0,0,0,0,0,0,0,0,0,0,0,0,0,0,0,0,0,0,0,0,0,0,0,0,0,0,0,0,0,0,0,0,0,0,0,0,0,0,0,0,0,0,0,0,0,0,0,0,-1.33299994468689,0,-1.33399999141693,0,0,0,0,0,0,0.587999999523163,0,0,0,0,0,0,0,0,0,0,0,0,0,0,0,0,0,0,0,0,0,0,0,0,0,0,0,0,0,0,0,0,0,0,0,0,0
0,0,0,0,0,0,0,0,0,0,0,0,0,0,0,0,0,0,0,0,0,0,0,0,0,0,0,0,0,0,0,0,0,0,0,0,0,0,0,0,0,0,0,0,-1.19700002670288,0,0,0,-1.19599997997284,0,0,0,-1.19000005722046,0,0,-1.18599998950958,0,0,0,0,0,0,0,0,0,0,0,0,0,0,0,0,0,0,0,0,0,0,0,0,0,0,0,0,0,0,0,0,0,0,0,0,0,0,0,0,0,0,0,0,0,0,0,0,0,0,0,0,0,0,0,0,0,0,0,0,0,0,0,0,0,0,0,0,0,0,0,0,0,0,0,0,0,0,0,0,0,0,0,0,0,0,0,0,0,0,0,0,-1.49500000476837,0,0,0,0,0,-1.3289999961853,-1.32700002193451,0,0,0,0,0,0,0.458999991416931,0,0,0,0,0,0,0,0,0,0,0,0,0,0,0,0,0,0,0,0,0,0,0,0,0,0,0,0,0,0,0,0,0,0,0,0,0
0,0,0,0,0,0,0,0,0,0,0,0,0,0,0,0,0,0,0,0,0,0,0,0,0,0,0,0,0,0,0,0,0,0,0,0,0,0,0,0,0,0,-1.19200003147125,-1.192999958992,0,0,0,0,0,0,0,0,-1.18299996852875,0,0,0,0,0,0,0,0,0,0,0,0,0,0,0,0,0,0,0,0,0,0,0,0,0,0,0,0,0,0,0,0,0,0,0,0,0,0,0,0,0,0,0,0,0,0,0,0,0,0,0,0,0,0,0,0,0,0,0,0,0,0,0,0,0,0,0,0,0,0,0,0,0,0,0,0,0,0,0,0,0,0,0,0,0,0,0,0,0,0,0,0,0,0,0,0,0,0,0,0,0,0,0,0,0,0,0,0,0,0.167999997735023,0,0,0,0,0,0,0,0,0,0,0,0,0,0,0,0,0,0,0,0,0,0,0,0,0,0,0,0,0,0,0,0,0,0,0,0,0
0,0,0,0,0,0,0,0,0,0,0,0,0,0,0,0,0,0,0,0,0,0,0,0,0,0,0,0,0,0,0,0,0,0,0,0,0,0,0,0,0,0,0,0,0,0,0,0,0,0,0,0,0,0,0,0,0,0,0,0,0,0,0,0,0,0,0,0,0,0,0,-1.28699994087219,0,0,-1.2849999666214,0,0,0,0,0,0,0,0,0,0,0,0,0,0,0,0,0,0,0,0,0,0,0,0,0,0,0,0,0,0,0,0,0,0,0,0,0,0,0,0,0,0,0,0,0,0,0,0,0,0,0,0,0,0,0,0,0,0,0,0,0,0,0,0,0,0,0,0,0,0,0,0,0,-1.47699999809265,0,0,0,0,0,0,0,0,0,0,0,0,0,0.584999978542328,0,0,0,0,0,0,0,0,0,0,0,0,0,0,0,0,0,0,0,0,0,0,0,0,0,0,0,0,0,0,0,0,0,0,0,0,0
0,0,0,0,0,0,0,0,0,0,0,0,0,0,0,0,0,0,0,0,0,0,0,0,0,0,0,0,0,0,0,0,0,0,0,0,0,0,0,0,0,-1.18499994277954,-1.182000041008,0,0,0,0,0,0,0,0,0,-1.16999995708466,0,0,0,0,0,0,0,0,0,0,0,0,0,0,0,0,0,0,-1.28199994564056,-1.28400003910065,-1.28100001811981,0,0,0,0,0,0,0,0,0,0,0,0,0,0,0,0,0,0,0,0,0,0,0,0,0,0,0,0,0,0,0,0,0,0,0,0,0,0,0,0,0,0,0,0,0,0,0,0,0,0,0,0,0,0,0,0,0,0,0,0,0,0,0,0,0,0,0,0,0,0,0,0,0,0,0,0,0,0,0,0,0,-1.31400001049042,0,0,0,0,0,0,0.456999987363815,0,0,0,0,0,0,0,0,0,0,0,0,0,0,0,0,0,0,0,0,0,0,0,0,0,0,0,0,0,0,0,0,0,0,0,0,0
0,0,0,0,0,0,0,0,0,0,0,0,0,0,0,0,0,0,0,0,0,0,0,0,0,0,0,0,0,0,0,0,0,0,0,0,0,0,0,0,-1.182000041008,0,-1.17900002002716,0,0,0,0,0,0,-1.16999995708466,-1.1710000038147,-1.1690000295639,0,0,0,0,0,0,0,0,0,0,0,0,0,0,0,0,0,0,0,0,0,0,0,0,0,0,0,0,0,0,0,0,0,0,0,0,0,0,0,0,0,0,0,0,0,0,0,0,0,0,0,0,0,0,0,0,0,0,0,0,0,0,0,0,0,0,0,0,0,0,0,0,0,0,0,0,0,0,0,0,0,0,0,0,0,0,0,0,0,0,0,0,0,0,0,0,0,0,0,0,0,0,0,-1.30599999427795,0,0,0,0,0,0,0.580999970436096,0,0,0,0,0,0,0,0,0,0,0,0,0,0,0,0,0,0,0,0,0,0,0,0,0,0,0,0,0,0,0,0,0,0,0,0,0
0,0,0,0,0,0,0,0,0,0,0,0,0,0,0,0,0,0,0,0,0,0,0,0,0,0,0,0,-1.19200003147125,-1.192999958992,0,-1.18700003623962,-1.18599998950958,0,0,0,0,0,0,-1.17900002002716,0,0,0,0,0,0,0,0,0,0,0,0,0,0,0,0,0,0,0,0,0,0,0,0,0,0,0,0,0,-1.26900005340576,-1.27100002765656,0,0,0,0,0,0,-1.42900002002716,0,0,0,0,0,0,0,0,0,0,0,0,0,0,0,0,0,0,0,0,0,0,0,0,0,0,0,0,0,0,0,0,0,0,0,0,0,0,0,0,0,-1.5440000295639,-1.54499995708466,0,0,0,0,0,0,0,0,0,0,0,0,0,0,0,0,0,0,0,0,0,0,0,0,0,0,0,-1.45899999141693,0,0,0,0,0,0,0,-1.29999995231628,0,0,0,0,0,0.578999996185303,0,0,0,0,0,0,0,0,0,0,0,0,0,0,0,0,0,0,0,0,0,0,0,0,0,0,0,0,0,0,0,0,0,0,0,0,0
0,0,0,0,0,0,0,0,0,0,0,0,0,0,0,0,0,0,0,0,0,0,0,0,0,0,0,-1.19200003147125,0,0,-1.18599998950958,0,0,0,0,0,0,0,-1.17299997806549,0,0,0,0,0,0,0,0,0,0,0,0,0,0,0,0,0,0,0,0,0,0,0,0,0,0,0,0,0,0,-1.26400005817413,0,0,0,0,0,0,0,0,0,0,0,0,0,0,0,0,0,0,0,0,0,0,0,0,0,0,0,0,0,0,0,0,0,0,0,0,0,0,0,0,0,0,0,0,0,0,0,-1.53799998760223,-1.54200005531311,0,0,-1.54299998283386,-1.5440000295639,-1.54200005531311,0,0,0,0,0,0,0,0,0,-1.54799997806549,-1.54999995231628,-1.55099999904633,-1.55299997329712,-1.55499994754791,-1.55499994754791,-1.557000041008,-1.557000041008,0,0,0,0,0,0,0,-1.4539999961853,0,0,0,0,0,0,0,0,-1.29700005054474,0,0,0,0,-0.736999988555908,0.453999996185303,0,0,0,0,0,0,0,0,0,0,0,0,0,0,0,0,0,0,0,0,0,0,0,0,0,0,0,0,0,0,0,0,0,0,0,0
0,0,0,0,0,0,0,0,0,0,0,0,0,0,0,0,0,0,0,0,0,0,0,0,0,0,0,0,0,0,0,0,0,0,0,0,0,0,-1.16700005531311,0,0,0,0,0,0,0,0,0,0,0,0,0,0,0,0,0,0,0,0,0,0,0,0,0,0,0,0,0,0,0,0,0,0,0,0,0,0,0,0,0,0,0,0,0,0,0,0,0,0,0,0,0,0,0,0,0,0,0,0,0,0,0,0,-1.52400004863739,-1.52400004863739,-1.52400004863739,-1.52600002288818,-1.52600002288818,-1.52699995040894,-1.52999997138977,-1.52900004386902,-1.52999997138977,-1.52799999713898,-1.53100001811981,-1.52799999713898,0,-1.52900004386902,-1.53400003910065,0,0,0,0,0,-1.53799998760223,-1.53600001335144,-1.53600001335144,-1.53600001335144,-1.53799998760223,-1.53999996185303,-1.54200005531311,-1.54200005531311,-1.5440000295639,-1.5460000038147,-1.54700005054474,0,0,0,0,0,0,-1.55499994754791,-1.55499994754791,-1.55200004577637,-1.55299997329712,-1.55599999427795,-1.55999994277954,-1.56099998950958,-1.56200003623962,0,-1.44799995422363,0,0,0,0,0,0,0,0,0,0,0,0,0.282999992370605,0,0,0,0,0,0,0,0,0,0,0,0,0,0,0,0,0,0,0,0,0,0,0,0,0,0,0,0,0,0,0,0,0,0,0,0,0
0,0,0,0,0,0,0,0,0,0,0,0,0,0,0,0,0,0,0,0,0,-1.18900001049042,-1.18599998950958,-1.18799996376038,-1.18299996852875,-1.18099999427795,-1.18099999427795,-1.17999994754791,0,0,0,0,0,0,0,0,-1.16400003433228,-1.16199994087219,-1.16199994087219,0,-1.15900003910065,0,0,0,0,0,0,0,0,0,0,0,0,0,0,0,0,0,0,0,-1.26199996471405,0,-1.2610000371933,0,0,0,0,0,0,0,0,0,0,0,0,0,0,0,0,0,0,0,0,0,0,0,0,0,0,0,0,0,0,0,0,0,0,-1.51699995994568,-1.51699995994568,-1.51699995994568,-1.51900005340576,-1.51999998092651,-1.52199995517731,0,0,0,0,0,0,0,0,0,0,0,-1.52499997615814,-1.52499997615814,0,0,0,0,0,0,0,0,0,0,0,0,0,0,0,0,0,0,0,0,0,0,0,0,0,0,0,0,0,0,0,0,-1.55499994754791,0,0,0,0,0,0,0,0,0,0,0,0,0,0.0149999996647239,0,0,0,0,0,0,0,0,0,0,0,0,0,0,0,0,0,0,0,0,0,0,0,0,0,0,0,0,0,0,0,0,0,0,0,0,0
0,0,0,0,0,0,0,0,0,0,0,0,0,0,0,0,0,0,0,0,-1.18799996376038,0,0,0,0,0,0,-1.17599999904633,0,0,0,0,0,0,0,-1.16199994087219,0,0,0,0,0,0,0,0,0,0,0,0,0,0,0,0,0,0,0,0,0,0,0,-1.25499999523163,0,-1.25800001621246,0,0,0,0,0,0,-1.24600005149841,-1.24899995326996,0,0,0,0,0,0,0,-1.40499997138977,0,0,0,0,0,0,0,0,0,0,0,0,0,0,-1.50899994373322,-1.50999999046326,-1.51199996471405,-1.51300001144409,-1.51400005817413,-1.51499998569489,0,0,0,0,0,0,0,0,0,0,0,0,0,0,0,0,0,0,0,0,0,0,0,0,0,0,0,0,0,0,0,0,0,0,0,0,0,0,0,0,0,0,0,0,0,0,0,0,0,0,0,-1.43599998950958,0,0,0,0,0,0,0,0,0,0,0,0,0.574000000953674,0,0,0,0,0,0,0,0,0,0,0,0,0,0,0,0,0,0,0,0,0,0,0,0,0,0,0,0,0,0,0,0,0,0,0,0,0
0,0,0,0,0,0,0,0,0,0,0,0,0,0,0,0,0,0,0,0,0,0,0,0,0,0,0,0,0,0,0,0,0,0,0,0,-1.15600001811981,0,0,0,0,0,0,0,0,0,0,0,0,0,0,0,0,0,0,0,0,0,0,-1.24899995326996,0,0,0,-1.24699997901917,-1.24399995803833,0,0,-1.24199998378754,0,0,0,0,0,0,0,0,0,0,-1.51499998569489,0,0,0,0,0,0,-1.50399994850159,-1.50499999523163,-1.50499999523163,-1.50800001621246,-1.50699996948242,-1.50800001621246,-1.50800001621246,0,0,0,0,0,0,0,0,0,0,0,0,0,0,0,0,0,0,0,0,0,0,0,0,0,0,0,0,0,0,0,0,0,0,0,0,0,0,0,0,0,0,0,0,0,0,0,0,0,0,0,0,0,0,0,0,0,0,0,0,0,0,0,0,0,0,0,0,0,0,0.449000000953674,0,0,0,0,0,0,0,0,0,0,0,0,0,0,0,0,0,0,0,0,0,0,0,0,0,0,0,0,0,0,0,0,0,0,0,0,0
0,0,0,0,0,0,0,0,0,0,0,0,0,0,0,0,0,0,0,0,0,0,0,0,0,0,0,0,0,0,0,0,0,0,0,0,0,0,0,0,0,0,0,0,0,0,0,0,0,0,0,0,0,0,0,0,0,0,0,-1.24800002574921,0,0,0,0,0,-1.23699998855591,-1.24000000953674,0,0,0,0,0,0,0,0,0,0,-1.39100003242493,0,-1.50499999523163,0,-1.49899995326996,-1.5,-1.50100004673004,-1.50199997425079,-1.50300002098083,0,0,0,0,0,0,0,0,0,0,0,0,0,0,0,0,0,0,0,0,0,0,0,0,0,0,0,0,0,0,0,0,0,0,0,0,0,0,0,0,0,0,0,0,0,0,0,0,0,0,0,0,0,0,0,0,0,0,0,0,0,0,-1.53600001335144,0,0,0,0,0,0,0,0,0,0,0,0,0,0.168999999761581,0,0,0,0,0,0,0,0,0,0,0,0,0,0,0,0,0,0,0,0,0,0,0,0,0,0,0,0,0,0,0,0,0,0,0,0,0
0,0,0,0,0,0,0,0,0,0,0,0,0,0,0,0,0,0,0,0,0,0,0,0,0,0,0,0,0,0,0,0,0,0,-1.14499998092651,0,0,0,0,0,0,0,0,0,0,0,0,0,0,0,0,0,0,0,0,0,0,0,-1.24100005626678,0,0,0,0,0,0,0,0,0,0,0,0,0,0,0,0,0,0,0,0,0,-1.49899995326996,0,0,0,0,0,0,0,0,0,0,0,0,0,0,0,0,0,0,0,0,0,0,0,0,0,0,0,0,0,0,0,0,0,0,0,0,0,0,0,0,0,0,0,0,0,0,0,0,0,0,0,0,0,0,0,0,0,0,0,0,0,0,0,0,0,0,0,0,-1.41199994087219,0,0,0,0,0,0,0,0,0,0,0,0,0.569999992847443,0,0,0,0,0,0,0,0,0,0,0,0,0,0,0,0,0,0,0,0,0,0,0,0,0,0,0,0,0,0,0,0,0,0,0,0,0
0,0,0,0,0,0,0,0,0,0,0,0,0,0,0,0,0,0,0,0,0,0,0,0,0,0,0,0,0,0,0,0,0,0,0,-1.13800001144409,0,0,0,0,0,0,0,0,0,0,0,0,0,0,0,0,0,0,0,0,0,0,-1.23500001430511,0,0,0,0,0,0,0,0,0,0,0,0,0,0,0,0,0,-1.375,0,-1.48800003528595,0,0,0,0,0,0,0,0,0,0,0,0,0,0,0,0,0,0,0,0,0,0,0,0,0,0,0,0,0,0,0,0,0,0,0,0,0,0,0,0,0,0,0,0,0,0,0,0,0,0,0,0,0,0,0,0,0,0,0,0,0,0,0,0,0,0,0,0,0,-1.51900005340576,0,-1.40900003910065,0,0,0,0,0,0,0,0,0,0,0,0.446999996900558,0,0,0,0,0,0,0,0,0,0,0,0,0,0,0,0,0,0,0,0,0,0,0,0,0,0,0,0,0,0,0,0,0,0,0,0,0
0,0,0,0,0,0,0,0,0,0,0,0,0,0,0,-1.16600000858307,0,0,0,0,0,0,0,0,0,0,0,0,0,0,0,0,0,0,0,0,0,0,0,0,0,0,0,0,0,0,0,0,0,0,0,0,0,0,0,0,0,-1.22599995136261,0,0,0,0,0,0,0,0,0,0,0,0,0,0,0,0,0,0,0,0,0,0,0,0,0,0,0,0,0,0,0,0,0,0,0,0,0,0,0,0,0,0,0,0,0,0,0,0,0,0,0,0,0,0,0,0,0,0,0,0,0,0,0,0,0,0,0,0,0,0,0,0,0,0,0,0,0,0,0,0,0,0,0,0,0,0,0,0,0,0,0,0,0,0,0,0,0,0,0,0,0,0,0,0,-0.704999983310699,0.566999971866608,0,0,0,0,0,0,0,0,0,0,0,0,0,0,0,0,0,0,0,0,0,0,0,0,0,0,0,0,0,0,0,0,0,0,0,0
0,0,0,0,0,0,0,0,0,0,0,0,0,-1.16600000858307,-1.1690000295639,0,0,0,0,0,0,0,0,0,0,0,0,0,0,0,0,0,0,0,0,0,0,0,0,0,0,0,0,0,0,0,0,0,0,0,0,0,0,0,0,0,-1.22599995136261,0,0,0,0,0,0,0,0,0,0,0,0,0,0,0,0,0,0,0,0,0,0,0,0,0,0,0,0,0,0,0,0,0,0,0,0,0,0,0,0,0,0,0,0,0,0,0,0,0,0,0,0,0,0,0,0,0,0,0,0,0,0,0,0,0,0,0,0,0,0,0,0,0,0,0,0,0,0,0,0,0,0,0,0,0,0,0,0,0,0,0,0,0,0,0,0,0,0,0,0,0,0,0,0,0,0.444999992847443,-0.843999981880188,0,0,0,0,0,0,0,0,0,0,0,0,0,0,0,0,0,0,0,0,0,0,0,0,0,0,0,0,0,0,0,0,0,0,0,0
0,0,0,0,0,0,0,0,0,0,0,0,0,0,0,-1.15699994564056,0,0,0,0,0,0,0,0,0,0,0,0,0,0,0,0,0,0,0,0,0,0,0,0,0,0,0,0,0,0,0,0,0,0,0,0,0,0,0,-1.21700000762939,-1.21599996089935,0,0,0,0,0,0,0,0,0,0,0,0,0,0,0,0,0,0,0,0,0,0,0,0,0,0,0,0,0,0,0,0,0,0,0,0,0,0,0,0,0,0,0,0,0,0,0,0,0,0,0,0,0,0,0,0,0,0,0,0,0,0,0,0,0,0,0,0,0,0,0,0,0,0,0,0,0,0,0,0,0,0,0,0,0,0,0,0,0,0,0,-1.49899995326996,0,-1.38699996471405,0,0,0,0,0,0,0,0,0,0,0,0,0.564000010490417,0,0,0,0,0,0,0,0,0,0,0,0,0,0,0,0,0,0,0,0,0,0,0,0,0,0,0,0,0,0,0,0,0,0,0,0
0,0,0,0,0,0,0,0,0,0,-1.16100001335144,0,0,0,0,0,0,0,0,0,0,0,0,0,0,0,0,0,0,0,0,0,0,0,0,0,0,0,0,0,0,0,0,0,0,0,0,0,0,0,0,0,0,0,0,0,-1.21300005912781,0,0,0,0,0,0,0,0,0,0,0,0,0,0,0,0,0,0,-1.35199999809265,0,0,-1.46200001239777,0,0,0,0,0,0,0,0,0,0,0,0,0,0,0,0,0,0,0,0,0,0,0,0,0,0,0,0,0,0,0,0,0,0,0,0,0,0,0,0,0,0,0,0,0,0,0,0,0,0,0,0,0,0,0,0,0,0,0,0,0,0,0,0,0,0,0,0,0,0,0,-1.38399994373322,-1.38100004196167,0,0,0,0,0,0,0,0,0,0,0,0.442999988794327,0,0,0,0,0,0,0,0,0,0,0,0,0,0,0,0,0,0,0,0,0,0,0,0,0,0,0,0,0,0,0,0,0,0,0,0
0,0,0,0,0,0,0,0,0,0,-1.16199994087219,-1.15600001811981,-1.15299999713898,0,0,0,0,0,0,0,0,0,0,0,0,0,0,0,0,0,0,0,0,0,0,0,0,0,0,0,0,0,0,0,0,0,0,0,0,0,0,0,0,0,0,0,0,0,0,0,0,0,0,0,0,0,0,0,0,0,0,0,0,0,0,0,-1.34300005435944,0,0,0,0,0,0,0,0,0,0,0,0,0,0,0,0,0,0,0,0,0,0,0,0,0,0,0,0,0,0,0,0,0,0,0,0,0,0,0,0,0,0,0,0,0,0,0,0,0,0,0,0,0,0,0,0,0,0,0,0,0,0,0,0,0,0,0,0,0,0,0,-1.48099994659424,0,0,-1.37699997425079,0,0,0,0,0,0,0,0,0,0,-0.400999993085861,0,0,0,0,0,0,0,0,0,0,0,0,0,0,0,0,0,0,0,0,0,0,0,0,0,0,0,0,0,0,0,0,0,0,0,0,0
0,0,0,0,0,0,0,0,0,0,0,0,0,0,0,0,0,0,0,0,0,0,0,0,0,0,0,0,0,0,0,0,0,0,0,0,0,0,0,0,0,0,0,0,0,-1.21399998664856,0,0,0,0,0,0,0,-1.20200002193451,0,0,0,0,0,0,0,0,0,0,0,0,0,0,0,0,0,0,0,0,0,-1.33700001239777,0,0,0,0,0,0,0,0,0,0,0,0,0,0,0,0,0,0,0,0,0,0,0,0,0,0,0,0,0,0,0,0,0,0,0,0,0,0,0,0,0,0,0,0,0,0,0,0,0,0,0,0,0,0,0,0,0,0,0,0,0,0,0,0,0,0,0,0,0,0,0,0,0,0,0,0,-1.36800003051758,0,0,0,0,0,0,0,0,0,0,0.560000002384186,0,0,0,0,0,0,0,0,0,0,0,-0.287999987602234,0,0,0,0,0,0,0,0,0,0,0,0,0,0,0,0,0,0,0,0,0,0,0,0
0,0,0,0,0,0,0,0,-1.15100002288818,0,0,0,0,0,-1.14199995994568,0,0,0,0,0,0,0,0,0,0,0,0,0,0,0,0,0,0,0,0,0,0,0,0,0,0,0,0,-1.20899999141693,0,0,0,-1.20299994945526,0,0,0,0,0,0,0,0,0,0,0,0,0,0,0,0,0,0,0,0,0,0,0,0,0,0,-1.33000004291534,0,0,0,0,0,0,0,0,0,0,0,0,0,0,0,0,0,0,0,0,0,0,0,0,0,0,0,0,0,0,0,0,0,0,0,0,0,0,0,0,0,0,0,0,0,0,0,0,0,0,0,0,0,0,0,0,0,0,0,0,0,0,0,0,0,0,0,0,0,0,0,0,0,-1.46700000762939,0,0,0,-1.36199998855591,0,0,0,0,0,0,0,0,0,-0.395999997854233,0.439999997615814,0,0,0,0,0,0,0,0,0,0,0,0,0,0,0,0,0,0,0,0,0,0,0,0,0,0,0,0,0,0,0,0,0,0,0,0
0,0,0,0,0,0,0,-1.14800000190735,0,0,0,0,0,0,0,0,0,0,0,0,0,0,0,0,0,0,0,0,0,0,0,0,0,0,0,0,0,0,0,0,0,0,0,0,0,0,-1.20000004768372,0,-1.19900000095367,0,0,0,0,-1.19099998474121,0,0,0,0,0,0,0,0,0,0,0,0,0,0,0,0,0,0,0,0,0,0,0,0,0,0,0,0,0,0,0,0,0,0,0,0,0,0,0,0,0,0,0,0,0,0,0,0,0,0,0,0,0,0,0,0,0,0,0,0,0,0,0,0,0,0,0,0,0,0,0,0,0,0,0,0,0,0,0,0,0,0,0,0,0,0,0,0,0,0,0,0,0,0,0,-1.46200001239777,0,0,0,0,0,0,0,0,0,0,0,0,0.556999981403351,0,0,0,0,0,0,0,0,0,0,0,0,0,0,0,0,0,0,0,0,0,0,0,0,0,0,0,0,0,0,0,0,0.449999988079071,0,0,0,0
0,0,0,0,0,0,0,0,0,-1.13999998569489,0,0,0,0,0,0,0,0,0,0,0,0,0,0,0,0,0,0,0,0,0,0,0,0,0,0,0,0,0,0,0,0,0,0,0,0,0,0,0,0,0,0,0,0,-1.18599998950958,0,0,0,0,0,0,0,0,0,0,0,0,0,0,0,0,0,0,0,0,0,0,0,-1.42700004577637,0,0,0,0,0,0,0,0,0,0,0,0,0,0,0,0,0,0,0,0,0,0,0,0,0,0,0,0,0,0,0,0,0,0,0,0,0,0,0,0,0,0,0,0,0,0,0,0,0,0,0,0,0,0,0,0,0,0,0,0,0,0,0,0,0,0,0,0,0,0,0,0,0,0,0,0,0,0,0,0,0,0,0,0.171000003814697,0.437999993562698,0,0,0,0,0,0,0,0,0,0,0,0,0,0,0,0,0,0,0,0,0,0,0,0,0,0,0,0,0,0,0.449000000953674,0,0,0,0,0
0,0,0,0,0,-1.14499998092651,-1.13900005817413,-1.13800001144409,0,0,0,-1.12800002098083,0,0,0,0,0,0,0,0,0,0,0,0,0,0,0,0,0,0,0,0,-1.21300005912781,0,0,0,0,0,0,0,0,0,-1.19700002670288,-1.192999958992,-1.19099998474121,0,0,0,0,0,0,0,-1.17900002002716,0,0,-1.17700004577637,0,0,0,0,0,0,0,0,0,0,0,0,0,0,0,0,0,0,-1.31099998950958,0,0,-1.41700005531311,0,0,0,0,0,0,0,0,0,0,0,0,0,0,0,0,0,0,0,0,0,0,0,0,0,0,0,0,0,0,0,0,0,0,0,0,0,0,0,-1.55400002002716,-1.55599999427795,-1.55900001525879,-1.55900001525879,-1.55900001525879,0,0,0,0,0,0,0,0,0,0,0,0,0,0,0,0,0,0,0,0,0,0,0,0,0,0,0,-1.45200002193451,0,0,0,0,0,0,0,0,0,0,0,0,0,0.554000020027161,0,0,0,0,0,0,0,0,0,0,0,0,0.171000003814697,0,0,0,0,0,0,0,0,0,0,0,0,0,0,0,0,0,0.170000001788139,0.170000001788139,0.0179999992251396,0,0,0
-1.14800000190735,0,0,0,0,0,0,-1.13499999046326,0,0,-1.12899994850159,0,0,0,0,0,0,0,0,0,0,0,0,0,0,0,0,0,0,0,0,-1.20500004291534,0,-1.20500004291534,0,-1.20099997520447,-1.19599997997284,0,0,0,0,-1.18900001049042,-1.19000005722046,0,0,0,0,0,0,0,0,-1.17499995231628,-1.17299997806549,0,0,0,0,0,0,0,0,0,0,0,0,0,0,0,0,0,0,0,0,0,-1.30499994754791,0,0,0,0,0,0,0,0,0,0,0,0,0,0,0,0,0,0,0,0,0,0,0,0,0,0,0,0,0,0,0,0,-1.54100000858307,-1.54200005531311,-1.54200005531311,-1.54200005531311,-1.5440000295639,-1.5440000295639,-1.54499995708466,-1.54499995708466,-1.54499995708466,-1.5460000038147,-1.54900002479553,0,0,0,-1.557000041008,-1.55599999427795,-1.55499994754791,-1.55499994754791,-1.55299997329712,-1.55400002002716,0,0,0,-1.55799996852875,-1.56099998950958,-1.56299996376038,-1.56299996376038,-1.56599998474121,-1.567999958992,-1.56900000572205,-1.56900000572205,-1.57099997997284,-1.57200002670288,-1.57400000095367,-1.57299995422363,0,0,0,0,0,0,0,0,-1.44500005245209,0,0,0,0,0,0,0,0,0,0,0,0.435999989509583,-0.521000027656555,0,0,0,0,0,0,0,0,0,0,0,-0.277999997138977,-0.116999998688698,0,0.0240000002086163,0,0,0,0,0,0,0,0,0,0.170000001788139,0.170000001788139,0.170000001788139,0.170000001788139,0.170000001788139,0.170000001788139,0.170000001788139,0.282000005245209,0.282000005245209,0.170000001788139,0.282000005245209,0.168999999761581
0,0,0,0,0,-1.12999999523163,0,0,0,0,0,0,0,0,0,0,0,0,0,0,0,0,0,0,0,0,0,0,0,0,-1.20299994945526,-1.2039999961853,0,0,-1.19799995422363,0,0,-1.19000005722046,0,0,-1.18400001525879,0,0,0,0,0,0,0,0,0,0,-1.1690000295639,0,-1.16799998283386,0,0,0,0,0,0,0,0,0,0,0,0,0,0,0,0,0,0,0,0,0,0,0,0,0,0,0,0,0,0,0,0,0,0,0,0,0,0,0,0,0,0,0,0,0,0,-1.53299999237061,-1.53400003910065,-1.5349999666214,-1.53699994087219,-1.53799998760223,-1.53900003433228,-1.53999996185303,0,-1.54100000858307,0,0,0,0,0,0,0,0,0,0,0,0,0,0,0,0,0,0,-1.55200004577637,-1.55200004577637,-1.55499994754791,0,0,0,0,0,0,0,0,0,0,0,0,-1.56900000572205,-1.567999958992,-1.57299995422363,-1.57599997520447,0,0,0,0,0,0,0,0,0,0,0,0,0,0,0,0,-0.800999999046326,0.550000011920929,0,0,0,0,0,0,0,0,0,0,0,0.279000014066696,0,0,0.280000001192093,0,0,0,0,0,0.170000001788139,0.280000001192093,0,0,0.0219999998807907,0,0,0.28099998831749,0.28099998831749,-0.703999996185303,-0.28999999165535,-0.291000008583069,0.28099998831749,0.282000005245209,-0.293000012636185,0.282000005245209
0,0,0,0,0,0,0,0,0,0,0,0,0,0,0,0,0,0,0,0,0,0,0,0,0,0,0,0,0,0,-1.20000004768372,0,0,0,0,0,0,0,0,0,0,0,0,0,0,0,0,0,0,0,-1.16600000858307,0,0,0,0,0,0,0,0,0,0,0,0,0,0,0,0,0,0,0,0,0,0,-1.29200005531311,0,0,0,-1.39199995994568,0,0,0,0,0,0,0,0,0,0,0,0,0,-1.52600002288818,-1.52600002288818,-1.52699995040894,-1.52699995040894,-1.52699995040894,-1.52799999713898,-1.52799999713898,-1.52999997138977,-1.52999997138977,0,0,0,0,0,0,0,0,0,0,0,0,0,0,0,0,0,0,0,0,0,0,0,0,0,0,0,0,0,0,0,0,0,0,0,0,0,0,0,0,0,0,0,0,0,0,0,0,0,0,0,0,0,0,0,0,0,0,0,0,0,0,0,0.433999985456467,0,0,0,0,0,0,0,0,0,0,0,0.171000003814697,0.279000014066696,0.279000014066696,0.171000003814697,0.279000014066696,0.171000003814697,0.171000003814697,0.171000003814697,0.280000001192093,0.280000001192093,0.280000001192093,0.280000001192093,0.0230000000447035,-0.119999997317791,0.280000001192093,0.28099998831749,-0.123000003397465,0.28099998831749,0.28099998831749,-0.125,-0.125,0.0189999993890524,0.0189999993890524,0.0189999993890524,-0.293000012636185
0,0,-1.13100004196167,0,-1.125,0,0,0,0,0,0,0,0,0,0,0,0,0,0,0,0,0,0,0,0,0,0,0,0,-1.19599997997284,0,0,0,0,0,0,0,0,-1.17499995231628,-1.17700004577637,-1.17200005054474,0,0,0,0,0,-1.16700005531311,0,0,-1.16199994087219,0,0,0,0,0,0,0,0,0,0,0,0,0,0,0,0,0,0,0,0,0,0,0,0,0,0,0,0,0,-1.52499997615814,0,0,0,0,0,0,-1.51999998092651,-1.52100002765656,-1.52300000190735,-1.52300000190735,-1.52499997615814,-1.52400004863739,-1.52499997615814,0,0,0,0,0,0,0,0,0,0,0,0,0,0,0,0,0,0,0,0,0,0,0,0,0,0,0,0,0,0,0,0,0,0,0,0,0,0,0,0,0,0,0,0,0,0,0,0,0,0,0,0,0,0,0,0,0,0,0,0,0,0,0,0,0,0,0,0,0,0,0.547999978065491,0,0,0,0,0,0,0,0,0,0,0,0,0.279000014066696,-0.273999989032745,-0.115000002086163,0.279000014066696,0.025000000372529,0.279000014066696,0.279000014066696,-0.116999998688698,0.0240000002086163,0.0240000002086163,0,0.280000001192093,-0.537999987602234,-0.96399998664856,0,-0.971000015735626,0,0,0,0,0,0,0,0
0,0,0,0,0,0,0,0,0,0,0,0,0,0,0,0,0,0,0,0,0,0,0,0,0,0,0,-1.192999958992,-1.19200003147125,-1.19099998474121,0,0,0,0,0,0,0,0,0,0,0,0,0,0,0,0,0,-1.15799999237061,0,0,0,0,0,0,0,0,0,0,0,0,0,0,0,0,0,0,0,0,0,0,0,0,0,0,0,0,0,0,0,-1.51900005340576,-1.51699995994568,-1.51499998569489,-1.51600003242493,-1.51699995994568,-1.51800000667572,-1.51900005340576,0,0,0,0,0,0,0,0,0,0,0,0,0,0,0,0,0,0,0,0,0,0,0,0,0,0,0,0,0,0,0,0,0,0,0,0,0,0,0,0,0,0,0,0,0,0,0,0,0,0,0,0,0,0,0,0,0,0,0,0,0,0,0,0,0,0,0,0,0,0,0,0,0,0,0,0,0,0.432000011205673,0,0,0,0,0,0,0,0,0,0,0,0,0,0,0,0.171000003814697,0.279000014066696,0,0,-0.681999981403351,0,0,0,0,0,0,0,0,0,0,0,0,0,0,0,0
0,0,0,0,-1.11300003528595,0,0,0,0,0,0,0,0,0,0,0,0,0,0,0,0,0,0,0,0,0,0,0,-1.18700003623962,0,0,0,0,0,0,0,0,0,0,0,0,0,0,0,0,0,0,0,0,0,0,0,0,0,0,0,0,0,0,0,0,0,0,-1.27799999713898,-1.27999997138977,0,0,0,0,0,0,0,-1.26999998092651,0,0,0,0,0,0,0,0,-1.51300001144409,0,0,0,0,0,0,0,0,0,0,0,0,0,0,0,0,0,0,0,0,0,0,0,0,0,0,0,0,0,0,0,0,0,0,0,0,0,0,0,0,0,0,0,0,0,0,0,0,0,0,0,0,0,0,0,0,0,0,0,0,0,0,0,0,0,0,-1.54999995231628,0,0,0,0,0,0,0,0,0,0,0,0,0,-0.648999989032745,0.544000029563904,0,0,0,0,0,0,0,0,0,0,0,0,0,0,0,0.277999997138977,0,0,0,0,0,0,0,0,0,0,0,0,0,0,0,0,0,0,0,0
0,0,0,0,0,0,0,0,0,0,0,0,0,0,0,0,0,0,0,0,0,0,0,0,0,0,0,0,0,0,0,0,0,0,0,0,0,0,0,0,0,0,0,0,0,0,0,0,0,0,0,0,0,0,0,0,0,0,0,0,0,0,0,-1.27499997615814,0,0,0,0,0,-1.26800000667572,-1.26600003242493,-1.26400005817413,0,0,0,0,-1.36300003528595,-1.36800003051758,0,0,0,0,0,0,0,0,0,0,0,0,0,0,0,0,0,0,0,0,0,0,0,0,0,0,0,0,0,0,0,0,0,0,0,0,0,0,0,0,0,0,0,0,0,0,0,0,0,0,0,0,0,0,0,0,0,0,0,0,0,0,0,0,0,0,0,0,0,0,0,0,0,0,0,0,0,0,0,0,0,0,0,0,-0.501999974250793,0.542999982833862,0,0,0,0,0,0,0,0,0,0,0,0,0,0,0,0,0,0,0,0,0,0,0,0,0,0,0,0,0,0,0,0,0,0,0,0
0,0,0,0,0,0,0,0,0,0,0,0,0,0,0,0,0,0,0,0,0,-1.18700003623962,0,0,0,0,0,0,0,0,0,0,0,0,0,0,0,0,0,0,0,0,0,0,0,0,0,0,0,0,0,0,0,0,0,0,0,0,0,0,0,0,0,-1.27100002765656,0,0,0,-1.25999999046326,-1.26499998569489,0,0,0,0,0,0,0,0,0,0,-1.49800002574921,0,0,0,0,0,0,0,0,0,0,0,0,0,0,0,0,0,0,0,0,0,0,0,0,0,0,0,0,0,0,0,0,0,0,0,0,0,0,0,0,0,0,0,0,0,0,0,0,0,0,0,0,0,0,0,0,0,0,0,0,0,0,0,0,0,0,0,0,0,0,0,0,0,0,0,0,0,0,0,0,0,0,0,0.428999990224838,0,0,0,0,0,0,0,0,0,0,0,0,0,0,0,0,0,0,0,0,0,0,0,0,0,0,0,0,0,0,0,0,0,0,0,0
0,0,0,0,0,0,0,0,0,0,0,0,0,0,0,0,0,0,-1.18400001525879,-1.18400001525879,-1.18299996852875,0,0,0,0,0,0,0,0,0,0,0,0,0,0,0,0,0,0,0,0,0,0,0,0,0,0,0,0,0,0,0,0,0,0,0,0,0,0,0,0,-1.26600003242493,-1.25999999046326,0,0,0,-1.25699996948242,-1.25399994850159,0,0,0,0,0,0,0,-1.35500001907349,0,0,0,0,0,0,0,0,0,0,0,0,0,0,0,0,0,0,0,0,0,0,0,0,0,0,0,0,0,0,0,0,0,0,0,0,0,0,0,0,0,0,0,0,0,0,0,0,0,0,0,0,0,0,0,0,0,0,0,0,0,0,0,0,0,0,0,0,0,0,0,0,0,0,0,0,0,0,0,0,0,0,0,0,0,0,0,0.275999993085861,0,0,0,0,0,0,0,0,0,0,0,0,0,0,0,0,0,0,0,0,0,0,0,0,0,0,0,0,0,0,0,0,0,0,0,0
0,0,0,0,0,0,0,0,0,0,0,0,0,0,0,0,0,-1.182000041008,-1.17999994754791,0,0,0,0,0,0,0,0,0,0,0,0,0,0,0,0,0,0,0,0,0,0,0,0,0,0,0,0,0,0,0,0,0,0,0,0,0,0,0,0,0,-1.25800001621246,-1.25999999046326,0,0,0,0,0,0,0,0,0,0,0,0,0,-1.34599995613098,0,0,0,0,0,0,0,0,0,0,0,0,0,0,0,0,0,0,0,0,0,0,0,0,0,0,0,0,0,0,0,0,0,0,0,0,0,0,0,0,0,0,0,0,0,0,0,0,0,0,0,0,0,0,0,0,0,0,0,0,0,0,0,0,0,0,0,0,0,0,0,0,0,0,0,0,0,0,0,0,0,0,0,0,0,0,0,0,0,0,0,0,0,0,0,0,0,0,0,0,0,0,0,0,0,0,0,0,0,0,0,0,0,0,0,0,0,0,0,0,0,0,0,0
0,0,0,0,0,0,0,0,0,0,0,0,0,0,0,-1.17999994754791,-1.17999994754791,-1.182000041008,0,0,0,0,0,0,0,0,0,0,0,0,0,0,0,0,0,0,0,0,0,0,0,0,0,0,0,0,0,0,0,0,0,0,0,0,0,0,0,0,-1.25100004673004,-1.25399994850159,0,0,0,0,0,0,-1.24300003051758,0,0,0,0,0,0,0,0,-1.33599996566772,0,0,0,0,0,0,0,0,0,0,0,0,0,0,0,0,0,0,0,0,0,0,0,0,0,0,0,0,0,0,0,0,0,0,0,0,0,0,0,0,0,0,0,0,0,0,0,0,0,0,0,0,0,0,0,0,0,0,0,0,0,0,0,0,0,0,0,0,0,0,0,0,0,0,0,0,0,0,0,0,0,0,0,0,0,0,0,0.425999999046326,0,0,0,0,0,0,0,0,0,0,0,0,0,0,0,0,0,0,0,0,0,0,0,0,0,0,0,0,0,0,0,0,0,0,0,0
0,0,0,0,0,0,0,0,0,0,0,0,0,0,0,-1.17999994754791,0,0,0,0,0,0,0,0,0,0,0,0,0,0,0,0,0,0,0,0,0,0,0,0,0,0,0,0,0,0,0,0,0,0,0,0,0,0,0,0,0,0,-1.24600005149841,-1.24800002574921,0,0,0,0,0,0,0,0,0,0,0,0,0,0,-1.33000004291534,0,0,0,0,0,0,0,0,0,0,0,0,0,0,0,0,0,0,0,0,0,0,0,0,0,0,0,0,0,0,0,0,0,0,0,0,0,0,0,0,0,0,0,0,0,0,0,0,0,0,0,0,0,0,0,0,0,0,0,0,0,0,0,0,0,0,0,0,0,0,0,0,0,0,0,0,0,0,0,0,0,0,0,0,0,0,0,0,-0.246999993920326,0,0,0,0,0,0,0,0,0,0,0,0,0,0,0,0,0,0,0,0,0,0,0,0,0,0,0,0,0,0,0,0,0,0,0,0
0,0,0,0,0,0,0,0,0,0,0,0,0,0,-1.1710000038147,-1.17400002479553,0,0,0,0,0,0,0,0,0,0,0,0,0,0,0,0,0,0,0,0,0,0,0,0,0,0,0,0,0,0,0,0,0,0,0,0,0,0,0,0,0,-1.2389999628067,0,0,0,0,0,0,0,0,0,0,0,0,0,0,-1.3289999961853,-1.32200002670288,-1.32599997520447,0,0,0,0,0,0,0,0,0,0,0,0,0,0,0,0,0,0,0,0,0,0,0,0,0,0,0,0,0,0,0,0,0,0,0,0,0,0,0,0,0,0,0,0,0,0,0,0,0,0,0,0,0,0,0,0,0,0,0,0,0,0,0,0,0,0,0,0,0,0,0,0,0,0,0,0,0,0,0,0,0,0,0,0,0,0,0,0,0.535000026226044,0,0,0,0,0,0,0,0,0,0,0,0,0,0,0,0,0,0,0,0,0,0,0,0,0,0,0,0,0,0,0,0,0,0,0,0
0,0,0,0,0,0,0,0,0,0,-1.17799997329712,-1.17200005054474,-1.17299997806549,0,-1.1710000038147,0,0,0,0,0,0,0,0,0,0,0,0,0,0,0,0,0,0,0,0,0,0,0,0,0,0,0,0,0,0,0,0,0,0,0,0,0,0,0,0,0,0,-1.23500001430511,0,0,0,0,0,0,0,0,0,0,0,0,0,0,-1.317999958992,0,0,0,0,0,0,-1.44799995422363,0,0,0,0,0,0,0,0,0,0,0,0,0,0,0,0,0,0,0,0,0,0,0,0,0,0,0,0,0,0,0,0,0,0,0,0,0,0,0,0,0,0,0,0,0,0,0,0,0,0,0,0,0,0,0,0,0,0,0,0,0,0,0,0,0,0,0,0,0,0,0,0,0,0,0,0,0,0,0,0,0,0,0,0.532999992370605,0,0,0,0,0,0,0,0,0,0,0,0,0,0,0,0,0,0,0,0,0,0,0,0,0,0,0,0,0,0,0,0,0,0,0,0
0,0,0,0,0,0,0,0,0,-1.17200005054474,0,0,0,-1.16499996185303,0,0,0,0,0,0,0,0,0,0,0,0,0,0,0,0,0,0,0,0,0,0,0,0,0,0,0,0,0,0,0,0,0,0,0,0,0,0,0,0,0,0,-1.23099994659424,0,0,0,0,0,0,0,0,0,0,0,0,0,0,0,0,0,0,0,0,0,0,0,0,0,0,0,0,0,0,0,0,0,0,0,0,0,0,0,0,0,0,0,0,0,0,0,0,0,0,0,0,0,0,0,-1.54799997806549,-1.54999995231628,0,0,0,-1.55099999904633,-1.55400002002716,-1.55999994277954,-1.56099998950958,-1.55999994277954,-1.55999994277954,-1.557000041008,0,0,0,0,0,0,0,0,0,-1.56700003147125,0,0,0,0,0,0,0,0,0,0,0,0,0,0,0,0,0,0,0,0,0,0,0,0,0,0,0,0,0,0.421999990940094,0,0,0,0,0,0,0,0,0,0,0,0,0,0,0,0,0,0,0,0,0,0,0,0,0,0,0,0,0,0,0,0,0,0,0,0
0,-1.18700003623962,-1.18599998950958,0,0,0,0,-1.17400002479553,-1.17400002479553,-1.1690000295639,0,0,0,0,0,0,0,0,0,0,0,0,0,0,0,0,0,0,0,0,0,0,0,0,0,0,0,0,0,0,0,0,0,0,0,0,0,0,0,0,0,0,0,0,-1.22300004959106,-1.22300004959106,-1.22500002384186,0,0,0,0,0,0,0,0,0,0,0,0,-1.307000041008,-1.30900001525879,0,0,0,0,0,0,0,-1.43099999427795,0,0,0,0,0,0,0,0,0,0,0,0,0,0,0,0,0,0,0,-1.53600001335144,-1.53600001335144,-1.53699994087219,-1.53900003433228,-1.53699994087219,-1.53999996185303,-1.54100000858307,-1.53999996185303,-1.53999996185303,-1.54200005531311,-1.54200005531311,-1.54299998283386,-1.5440000295639,-1.5440000295639,-1.54499995708466,-1.54799997806549,0,-1.5440000295639,-1.54299998283386,0,0,0,0,0,0,0,-1.557000041008,-1.55499994754791,-1.55599999427795,-1.55400002002716,-1.55400002002716,-1.55599999427795,-1.55799996852875,-1.56200003623962,-1.56400001049042,-1.567999958992,-1.56700003147125,-1.567999958992,-1.57099997997284,-1.57200002670288,-1.57400000095367,-1.57599997520447,-1.57599997520447,-1.57700002193451,-1.57599997520447,-1.57599997520447,0,0,0,0,0,0,0,0,0,0,0,0,0,0,0,0,0,0,0,0.531000018119812,0,0,0,0,0,0,0,0,0,0,0,0,0,0,0,0,0,0,0,0,0,0,0,0,0,0,0,0,0,0,0,0,0,0,0,0
-1.18599998950958,-1.18299996852875,0,0,0,-1.17299997806549,-1.17499995231628,-1.16999995708466,0,0,0,0,0,0,0,0,0,0,0,0,0,0,0,0,0,0,0,0,0,0,0,0,0,0,0,0,0,0,0,0,0,0,0,0,0,0,0,0,0,0,0,0,0,0,-1.22099995613098,0,0,0,0,0,0,0,0,0,0,0,0,-1.29900002479553,-1.29799997806549,0,0,-1.29999995231628,0,0,0,0,0,0,0,0,0,0,0,0,0,0,0,0,0,-1.52999997138977,-1.53100001811981,-1.53199994564056,-1.53199994564056,-1.53199994564056,-1.53299999237061,-1.53400003910065,-1.5349999666214,-1.5349999666214,-1.5349999666214,0,0,0,0,0,0,0,0,0,0,0,0,0,0,0,0,0,0,0,0,0,0,0,0,0,0,0,0,0,0,0,0,0,0,0,0,0,0,0,0,0,0,0,0,0,0,0,0,0,0,0,0,0,0,0,0,0,0,0,0,0,0,0,0,0.419999986886978,0,0,0,0,0,0,0,0,0,0,0,0,0,0,0,0,0,0,0,0,0,0,0,0,0,0,0,0,0,0,0,0,0,0,0,0
0,0,0,0,-1.1690000295639,-1.1690000295639,0,0,0,0,0,0,0,0,0,0,0,0,0,0,0,0,0,0,0,0,0,0,0,0,0,0,0,0,0,0,0,0,0,0,0,0,0,0,0,0,0,0,0,0,0,0,0,-1.2150000333786,0,-1.21399998664856,0,0,0,0,0,0,0,-1.30099999904633,-1.29999995231628,0,0,0,-1.29499995708466,0,0,-1.29100000858307,0,0,0,0,0,0,0,-1.53299999237061,-1.53400003910065,-1.52799999713898,-1.52600002288818,-1.52600002288818,-1.52900004386902,-1.52799999713898,-1.52799999713898,-1.52900004386902,-1.52900004386902,0,0,0,0,0,0,0,0,0,0,0,0,0,0,0,0,0,0,0,0,0,0,0,0,0,0,0,0,0,0,0,0,0,0,0,0,0,0,0,0,0,0,0,0,0,0,0,0,0,0,0,0,0,0,0,0,0,0,0,0,0,0,0,0,0,0,0,0,0,0,0,0,0,0,0.527999997138977,0,0,0,0,0,0,0,0,0,0,0,0,0,0,0,0,0,0,0,0,0,0,0,0,0,0,0,0,0,0,0,0,0,0,0,0
0,0,0,0,0,0,0,0,0,0,0,0,0,0,0,0,0,0,0,0,0,0,0,0,0,0,0,0,0,0,0,0,0,0,0,0,0,0,0,0,0,0,0,0,0,0,0,0,-1.2150000333786,-1.21300005912781,-1.21200001239777,0,-1.2059999704361,-1.20500004291534,0,0,0,0,0,0,0,0,0,0,0,0,0,-1.28699994087219,0,0,0,0,0,0,0,0,0,0,-1.40799999237061,0,0,-1.52499997615814,0,0,0,0,0,0,0,0,0,0,0,0,0,0,0,0,0,0,0,0,0,0,0,0,0,0,0,0,0,0,0,0,0,0,0,0,0,0,0,0,0,0,0,0,0,0,0,0,0,0,0,0,0,0,0,0,0,0,0,0,0,0,0,0,0,0,0,0,0,0,0,0,0,0,0,0,0,0,0,0,0,0.17399999499321,0,0,0,0,0,0,0,0,0,0,0,0,0,0,0,0,0,0,0,0,0,0,0,0,0,0,0,0,0,0,0,0,0,0,0,0
0,0,0,0,0,0,0,0,0,0,0,0,0,0,0,0,0,0,0,0,0,0,0,0,0,0,0,0,0,0,0,0,0,0,0,0,0,0,0,0,0,0,0,0,0,0,0,0,0,0,0,-1.2059999704361,0,0,0,0,0,0,0,0,0,-1.28999996185303,-1.2849999666214,-1.28600001335144,0,0,0,0,0,0,0,0,0,0,0,0,0,0,0,0,0,0,0,0,0,0,0,0,0,0,0,0,0,0,0,0,0,0,0,0,0,0,0,0,0,0,0,0,0,0,0,0,0,0,0,0,0,0,0,0,0,0,0,0,0,0,0,0,0,0,0,0,0,0,0,0,0,0,0,0,0,0,0,0,0,0,0,0,0,0,0,0,0,0,0,0,0,0,0,0,0,0,0,0.524999976158142,0,0,0,0,0,0,0,0,0,0,0,0,0,0,0,0,0,0,0,0,0,0,0,0,0,0,0,0,0,0,0,0,0,0,0,0
0,0,0,0,0,0,0,0,0,0,0,0,0,0,0,0,0,0,0,0,0,0,0,0,0,0,0,0,0,0,0,0,0,0,0,0,0,0,0,0,0,0,0,0,0,0,0,-1.20500004291534,0,-1.2039999961853,0,0,0,0,0,0,0,0,0,0,-1.28199994564056,-1.2849999666214,0,0,0,-1.27900004386902,0,0,0,0,0,0,0,0,0,0,0,0,0,0,0,0,0,0,0,0,0,0,0,0,0,0,0,0,0,0,0,0,0,0,0,0,0,0,0,0,0,0,0,0,0,0,0,0,0,0,0,0,0,0,0,0,0,0,0,0,0,0,0,0,0,0,0,0,0,0,0,0,0,0,0,0,0,0,0,0,0,0,0,0,0,0,0,0,0,0,0,0,0,0,0,0,0,0.416999995708466,0,0,0,0,0,0,0,0,0,0,0,0,0,0,0,0,0,0,0,0,0,0,0,0,0,0,0,0,0,0,0,0,0,0,0,0
0,0,0,0,0,0,0,0,0,0,0,0,0,0,0,0,0,0,0,0,0,0,0,0,0,0,0,0,0,0,0,0,0,0,0,0,0,0,0,0,0,0,0,0,0,0,0,-1.19599997997284,-1.19599997997284,0,0,0,0,0,0,0,0,0,0,0,-1.27600002288818,0,-1.27300000190735,0,0,0,-1.26600003242493,0,0,0,0,0,0,0,0,0,0,-1.38300001621246,0,0,0,0,0,0,0,0,0,0,0,0,0,0,0,0,0,0,0,0,0,0,0,0,0,0,0,0,0,0,0,0,0,0,0,0,0,0,0,0,0,0,0,0,0,0,0,0,0,0,0,0,0,0,0,0,0,0,0,0,0,0,0,0,0,0,0,0,0,0,0,0,0,0,0,0,0,0,0,0,0,0,0,0,0,0.523000001907349,0,0,0,0,0,0,0,0,0,0,0,0,0,0,0,0,0,0,0,0,0,0,0,0,0,0,0,0,0,0,0,0,0,0,0,0
0,0,0,0,0,0,0,0,0,0,0,0,0,0,0,0,0,0,0,0,0,0,0,0,0,0,0,0,0,0,0,0,0,0,0,0,0,0,0,0,0,0,0,0,0,0,0,0,0,0,0,0,0,0,0,0,0,0,0,-1.26699995994568,0,0,0,0,0,0,0,-1.25800001621246,0,0,0,0,0,0,0,0,-1.37699997425079,-1.37699997425079,0,0,0,0,0,0,0,0,0,0,0,0,0,0,0,0,0,0,0,0,0,0,0,0,0,0,0,0,0,0,0,0,0,0,0,0,0,0,0,0,0,0,0,0,0,0,0,0,0,0,0,0,0,0,0,0,0,0,0,0,0,0,0,0,0,0,0,0,0,0,0,0,0,0,0,0,0,0,0,0,0,0,0,0,0,0.519999980926514,0,0,0,0,0,0,0,0,0,0,0,0,0,0,0,0,0,0,0,0,0,0,0,0,0,0,0,0,0,0,0,0,0,0,0,0
0,0,0,0,0,0,0,0,0,0,0,0,0,0,0,0,0,0,0,0,0,0,0,0,0,0,0,0,0,0,0,0,0,0,0,0,0,0,0,0,0,0,0,0,0,-1.19000005722046,-1.18400001525879,-1.18599998950958,0,0,0,0,0,0,0,0,0,0,0,0,0,0,0,0,0,0,0,0,0,0,0,0,0,0,0,0,0,0,0,0,0,0,0,0,0,0,0,0,0,0,0,0,0,0,0,0,0,0,0,0,0,0,0,0,0,0,0,0,0,0,0,0,0,0,0,0,0,0,0,0,0,0,0,0,0,0,0,0,0,0,0,0,0,0,0,0,0,0,0,0,0,0,0,0,0,0,0,0,0,0,0,0,0,0,0,0,0,0,0,0,0,0,0,0.414000004529953,0,0,0,0,0,0,0,0,0,0,0,0,0,0,0,0,0,0,0,0,0,0,0,0,0,0,0,0,0,0,0,0,0,0,0,0
0,0,0,0,0,0,0,0,0,0,0,0,0,0,0,0,0,0,0,0,0,0,0,0,0,0,0,0,0,0,0,0,0,0,0,0,0,0,0,0,0,0,0,0,-1.17999994754791,0,-1.17799997329712,0,0,0,0,0,0,0,0,0,0,0,-1.25800001621246,0,0,0,0,0,0,0,0,0,0,0,0,0,0,0,0,0,0,0,0,0,0,0,0,0,0,0,0,0,0,0,0,0,0,0,0,0,0,0,0,0,0,0,0,0,0,0,0,0,0,0,0,0,0,0,0,0,0,0,0,0,0,0,0,0,0,0,0,0,0,0,0,0,0,0,0,0,0,0,0,0,0,0,0,0,0,0,0,0,0,0,0,0,0,0,0,0,0,0,0,0,0,0,0,0.51800000667572,0,0,0,0,0,0,0,0,0,0,0,0,0,0,0,0,0,0,0,0,0,0,0,0,0,0,0,0,0,0,0,0,0,0,0,0
0,0,0,0,0,0,0,0,0,0,0,0,0,0,0,0,0,0,0,0,0,0,0,0,0,0,0,0,0,0,0,0,0,0,0,0,0,0,0,0,0,0,-1.17700004577637,-1.17900002002716,0,-1.17700004577637,0,0,0,0,0,0,0,0,0,0,0,0,0,0,0,0,0,0,0,0,0,0,0,0,0,0,0,0,0,-1.35199999809265,-1.35500001907349,0,0,-1.46399998664856,0,0,0,0,0,0,0,0,0,0,0,0,0,0,0,0,0,0,0,0,0,0,0,0,0,0,0,0,0,0,0,0,0,0,0,0,0,0,0,-1.57299995422363,-1.57500004768372,0,0,0,0,0,0,0,0,0,0,0,0,0,0,0,0,0,0,0,0,0,0,0,0,0,0,0,0,0,0,0,0,0,0,0,0,0,0,0,0,0,0,0.412000000476837,0,0,0,0,0,0,0,0,0,0,0,0,0,0,0,0,0,0,0,0,0,0,0,0,0,0,0,0,0,0,0,0,0,0,0,0
0,0,0,0,0,0,0,0,0,0,0,0,0,0,0,0,0,0,0,0,0,0,0,0,0,0,0,0,0,0,0,0,0,0,0,0,0,0,0,0,0,0,0,0,0,0,0,0,0,0,0,0,0,0,0,-1.24399995803833,0,0,0,-1.24199998378754,0,0,0,0,0,0,0,0,0,0,0,0,0,0,0,-1.35000002384186,0,0,0,-1.45099997520447,0,0,0,0,0,0,0,0,0,0,0,0,0,0,0,0,0,0,0,0,0,0,-1.55499994754791,-1.55499994754791,-1.55599999427795,-1.55499994754791,-1.55599999427795,-1.557000041008,-1.55799996852875,-1.55900001525879,-1.55999994277954,-1.55900001525879,-1.55900001525879,0,-1.56099998950958,-1.56200003623962,-1.56299996376038,0,-1.56500005722046,-1.57099997997284,-1.57400000095367,-1.57299995422363,-1.57099997997284,-1.57099997997284,-1.57000005245209,0,0,0,0,0,0,0,-1.5789999961853,-1.58399999141693,-1.58500003814697,-1.58599996566772,-1.58599996566772,0,0,0,0,0,0,0,0,0,0,0,0,0,0,0,0,0,0,0,0,0,0,0,0,0,0,0.514999985694885,0,0,0,0,0,0,0,0,0,0,0,0,0,0,0,0,0,0,0,0,0,0,0,0,0,0,0,0,0,-1.50699996948242,0,0,0,0,0,0
0,0,0,0,0,0,0,0,0,0,0,0,0,0,0,0,0,0,0,0,0,0,0,0,0,0,0,0,0,0,0,0,0,0,0,0,0,0,-1.17400002479553,0,-1.16999995708466,-1.1710000038147,0,0,0,0,0,0,0,0,0,0,0,0,-1.24000000953674,0,0,0,-1.23300004005432,0,0,0,0,0,0,0,0,0,0,0,0,0,0,0,-1.34399998188019,0,0,0,-1.44700002670288,0,0,0,0,0,0,0,0,0,0,0,-1.54799997806549,0,-1.54700005054474,0,-1.54999995231628,-1.54700005054474,-1.5460000038147,-1.54700005054474,-1.54900002479553,-1.54799997806549,-1.54900002479553,-1.54999995231628,-1.55299997329712,-1.55400002002716,0,0,0,0,0,-1.55599999427795,-1.55599999427795,-1.557000041008,-1.55799996852875,-1.55299997329712,0,-1.55999994277954,-1.55999994277954,-1.55999994277954,0,0,0,0,0,0,0,-1.56900000572205,-1.567999958992,-1.56700003147125,-1.567999958992,-1.56900000572205,-1.57099997997284,-1.57599997520447,0,0,0,0,-1.58399999141693,-1.58500003814697,-1.58599996566772,-1.58899998664856,0,0,0,0,0,0,0,0,0,0,0,0,0,0,0,0,0,0,0,0,0,0,0,0.409999996423721,0.513000011444092,0,0,0,0,0,0,0,0,0,0,0,0,0,0,0,0,0,0,0,0,0,0,0,0,0,0,0,0,0,0,-1.50800001621246,-1.5110000371933,-1.51400005817413,0,0
0,0,0,0,0,0,0,0,0,0,0,0,0,0,0,0,0,0,0,0,0,0,0,0,0,0,0,0,0,0,0,0,0,0,0,0,0,0,-1.1690000295639,-1.16700005531311,0,-1.16499996185303,0,0,0,0,0,0,0,0,0,0,0,-1.23699998855591,-1.23500001430511,0,-1.23099994659424,0,0,0,0,0,0,0,0,0,0,0,0,0,0,0,0,0,0,0,0,0,0,0,-1.54999995231628,0,0,0,0,0,-1.54200005531311,-1.54200005531311,-1.54700005054474,-1.54499995708466,0,-1.5440000295639,-1.54499995708466,-1.54499995708466,-1.5460000038147,0,0,0,0,0,0,0,0,0,0,0,0,0,0,0,0,0,0,0,0,0,0,0,0,0,0,0,0,0,0,0,0,0,0,0,0,0,0,0,0,0,0,0,0,0,0,0,0,0,0,0,0,0,0,0,0,0,0,0,0,0,0,0,0,0,0,0,0,-0.435000002384186,0,0,0,0,0,0,0,0,0,0,0,0,0,0,0,0,0,0,0,0,0,0,0,0,0,0,0,0,0,0,0,0,0,0,-1.51600003242493,-1.51699995994568
0,0,0,0,0,0,0,0,0,0,0,0,0,0,0,0,0,0,0,0,0,0,0,0,0,0,0,0,0,0,0,0,0,0,0,0,0,0,0,0,0,0,0,0,0,0,0,0,0,0,0,0,0,0,0,0,0,-1.22300004959106,0,0,0,0,0,0,0,0,0,0,0,0,0,0,0,0,0,0,0,0,0,-1.5440000295639,0,-1.53799998760223,-1.53699994087219,-1.53900003433228,-1.53999996185303,-1.53999996185303,0,0,0,0,0,0,0,0,0,0,0,0,0,0,0,0,0,0,0,0,0,0,0,0,0,0,0,0,0,0,0,0,0,0,0,0,0,0,0,0,0,0,0,0,0,0,0,0,0,0,0,0,0,0,0,0,0,0,0,0,0,0,0,0,0,0,0,0,0,0,0,0,0,0,0,0,0,0.409000009298325,0.509999990463257,0,0,0,0,0,0,0,0,0,0,0,0,0,0,0,0,0,0,0,0,0,0,0,0,0,0,0,0,0,0,0,0,0,0,0
0,0,0,0,0,0,0,0,0,0,0,0,0,0,0,0,0,0,0,0,0,0,0,0,0,0,0,0,0,0,0,0,0,0,0,0,0,0,-1.15799999237061,0,0,0,0,0,0,0,0,0,0,0,0,-1.22599995136261,-1.22599995136261,-1.22300004959106,0,0,0,0,-1.2150000333786,0,0,0,0,0,0,0,0,0,0,0,0,-1.32200002670288,0,0,-1.31500005722046,0,0,0,0,0,0,0,0,0,0,0,0,0,0,0,0,0,0,0,0,0,0,0,0,0,0,0,0,0,0,0,0,0,0,0,0,0,0,0,0,0,0,0,0,0,0,0,0,0,0,0,0,0,0,0,0,0,0,0,0,0,0,0,0,0,0,0,0,0,0,0,0,0,0,0,0,0,0,0,0,0,0,0,0,0,0,0,0,-0.0719999969005585,0.407000005245209,0,0,0,0,0,0,0,0,0,0,0,0,0,0,0,0,0,0,0,0,0,0,0,0,0,0,0,0,0,0,0,0,0,0,0
0,0,0,0,0,0,0,0,0,0,0,0,0,0,0,0,0,0,0,0,0,0,0,0,0,0,0,0,0,0,0,0,0,0,0,0,0,0,0,0,0,0,0,0,0,0,0,0,0,-1.21899998188019,0,-1.21800005435944,0,0,0,0,0,0,0,0,0,0,0,0,0,0,0,0,0,0,-1.30999994277954,-1.31200003623962,-1.31299996376038,0,0,0,0,0,-1.41499996185303,0,0,0,0,0,0,0,0,0,0,0,0,0,0,0,0,0,0,0,0,0,0,0,0,0,0,0,0,0,0,0,0,0,0,0,0,0,0,0,0,0,0,0,0,0,0,0,0,0,0,0,0,0,0,0,0,0,0,0,0,0,0,0,0,0,0,0,0,0,0,0,0,0,0,0,0,0,0,0,0,0,0,0,0,-0.209000006318092,0.508000016212463,0,0,0,0,0,0,0,0,0,0,0,0,0,0,0,0,0,0,0,0,0,0,0,0,0,0,0,0,0,0,0,0,0,0,0
0,0,0,0,0,0,0,0,0,0,0,0,0,0,0,0,0,0,0,0,0,0,0,0,0,0,0,0,0,0,0,0,0,0,0,0,0,0,0,0,0,0,0,0,0,0,0,0,0,-1.2150000333786,-1.21200001239777,0,-1.21300005912781,0,0,0,0,0,0,0,0,0,0,0,0,0,0,0,0,0,-1.30599999427795,0,0,0,0,0,0,0,-1.40100002288818,0,0,0,0,0,0,0,0,0,0,0,0,0,0,0,0,0,0,0,0,0,0,0,0,0,0,0,0,0,0,0,0,0,0,0,0,0,0,0,0,0,0,0,0,0,0,0,0,0,0,0,0,0,0,0,0,0,0,0,0,0,0,0,0,0,0,0,0,0,0,0,0,0,0,0,0,0,0,0,0,0,0,0,0,0.268999993801117,0.40599998831749,0,0,0,0,0,0,0,0,0,0,0,0,0,0,0,0,0,0,0,0,0,0,0,0,0,0,0,0,0,0,0,0,0,0,0
0,0,0,0,0,0,0,0,0,0,0,0,0,0,0,0,0,0,0,0,0,0,0,0,0,0,0,0,0,0,0,0,0,0,0,0,0,0,0,0,0,0,0,0,0,0,0,0,-1.21000003814697,0,0,0,0,0,0,0,0,0,0,0,0,0,0,0,0,0,0,0,0,0,-1.30200004577637,0,0,-1.29499995708466,-1.29499995708466,0,0,-1.39499998092651,0,0,0,0,0,0,0,0,0,0,0,0,0,0,0,0,0,0,0,0,0,0,0,0,0,0,0,0,0,0,0,0,0,0,0,0,0,0,0,0,0,0,0,0,0,0,0,0,0,0,0,0,0,0,0,0,0,0,0,0,0,0,0,0,0,0,0,0,0,0,0,0,0,0,0,0,0,0,0,0,0,0,0,0,0,0,0.405000001192093,0,0,0,0,0,0,0,0,0,0,0,0,0,0,0,0,0,0,0,0,0,0,0,0,0,0,0,0,0,0,0,0,0,0,0
0,0,0,0,0,0,0,0,0,0,0,0,0,0,0,0,-1.18599998950958,-1.182000041008,0,0,-1.1710000038147,0,0,0,0,0,0,0,0,0,0,0,0,0,0,0,0,0,0,0,0,0,0,0,-1.21099996566772,-1.21099996566772,-1.20500004291534,-1.20899999141693,-1.20500004291534,0,0,0,0,0,0,0,0,0,0,0,0,0,0,0,0,0,0,0,0,-1.29100000858307,0,0,0,-1.28900003433228,0,0,0,-1.38499999046326,0,-1.49500000476837,0,0,0,0,0,0,0,0,0,0,0,0,0,0,0,0,0,0,0,0,0,0,0,0,0,0,0,0,0,0,0,0,0,0,0,0,0,0,0,0,0,0,0,0,0,0,0,0,0,0,0,0,0,0,0,0,0,0,0,0,0,0,0,0,0,0,0,0,0,0,0,0,0,0,0,0,0,0,0,0,0,0,0,0,0.0529999993741512,0,0,0,0,0,0,0,0,0,0,0,0,0,0,0,0,0,0,0,0,0,0,0,0,0,0,0,0,0,0,0,0,0,0,0
0,0,0,0,0,0,0,0,0,-1.19599997997284,0,0,0,0,0,-1.18099999427795,0,0,0,0,0,0,0,0,0,0,0,0,0,-1.14300000667572,0,0,0,0,0,0,0,0,0,0,0,0,0,0,-1.20299994945526,0,0,0,0,0,0,0,0,0,0,0,0,0,0,0,0,0,0,0,0,0,-1.28699994087219,0,-1.28199994564056,0,0,0,0,0,0,0,0,0,0,0,0,0,0,0,0,0,0,0,0,0,0,0,0,0,0,0,0,0,0,0,0,0,0,0,0,0,0,0,0,0,0,0,0,0,0,0,0,0,0,0,0,0,0,0,0,0,0,0,0,0,0,0,0,0,0,0,0,0,0,0,0,0,0,0,0,0,0,0,0,0,0,0,0,0,0,0,0,0,0,0,0,0,0,-0.0649999976158142,0.40200001001358,0,0,0,0,0,0,0,0,0,0,0,0,0,0,0,0,0,0,0,0,0,0,0,0,0,0,0,0,0,0,0,0,0,0,0
0,0,0,0,0,0,0,0,0,0,0,0,0,0,-1.17700004577637,0,0,0,0,0,-1.16100001335144,0,-1.15799999237061,0,0,0,0,0,0,-1.13900005817413,0,0,0,0,0,0,0,0,0,0,0,0,0,0,-1.19700002670288,0,0,0,0,0,0,0,0,0,0,0,0,0,0,0,0,0,0,-1.28199994564056,0,0,0,0,0,0,0,0,0,0,0,0,-1.37600004673004,0,0,0,0,0,0,0,0,0,0,0,0,0,0,0,0,0,0,0,0,0,0,0,0,0,0,0,0,0,0,0,0,0,0,0,0,0,0,0,0,0,0,0,0,0,0,0,0,0,0,0,0,0,0,0,0,0,0,0,0,0,0,0,0,0,0,0,0,0,0,0,0,0,0,0,0,0,0,0,0,0,0,0,0,0,0,0,0.500999987125397,0,0,0,0,0,0,0,0,0,0,0,0,0,0,0,0,0,0,0,0,0,0,0,0,0,0,0,0,0,0,0,0,0,0,0
0,0,-1.2059999704361,-1.20700001716614,0,0,0,-1.19200003147125,-1.18900001049042,-1.18599998950958,0,0,0,0,-1.1710000038147,0,0,0,0,0,0,-1.15299999713898,-1.14900004863739,0,-1.14400005340576,-1.14100003242493,-1.13900005817413,-1.13399994373322,-1.13399994373322,0,-1.12999999523163,0,0,0,0,0,0,0,0,0,0,0,0,-1.19000005722046,-1.192999958992,0,0,0,0,0,0,0,0,0,0,0,0,0,0,0,0,0,-1.27600002288818,0,-1.27699995040894,-1.27400004863739,0,0,0,-1.27100002765656,0,0,0,0,0,0,-1.36500000953674,0,0,0,0,0,0,0,0,0,0,0,0,0,0,0,0,0,0,0,0,0,0,0,0,0,0,0,0,0,0,0,0,0,0,0,0,0,-1.58299994468689,0,0,0,0,0,0,0,0,0,0,0,0,0,0,0,0,0,0,0,0,0,0,0,0,0,0,0,0,0,0,0,0,0,0,0,0,0,0,0,0,0,0,0,0,0,0,0,0,0,0.499000012874603,0,0,0,0,0,0,0,0,0,0,0,0,0,0,0,0,0,0,0,0,0,0,0,0,0,0,0,0,0,0,0,0,0,0,0
0,0,0,0,0,-1.19700002670288,0,0,0,0,0,0,-1.17200005054474,0,0,0,0,0,-1.15199995040894,0,-1.14600002765656,-1.14800000190735,0,0,-1.13999998569489,0,0,0,0,0,0,0,0,0,0,0,0,0,0,0,0,0,0,0,-1.18099999427795,0,0,0,0,0,0,0,0,0,0,0,0,0,0,0,0,0,0,0,0,0,0,0,0,0,0,0,0,0,0,0,0,0,0,-1.46300005912781,0,0,0,0,0,0,0,0,0,0,0,0,0,0,0,0,0,0,0,-1.55799996852875,0,0,-1.55799996852875,-1.55900001525879,-1.55999994277954,-1.55900001525879,-1.55999994277954,-1.55999994277954,-1.55999994277954,-1.56099998950958,-1.56099998950958,-1.56299996376038,-1.56299996376038,0,-1.56500005722046,0,0,0,-1.57200002670288,-1.57500004768372,-1.57700002193451,-1.57700002193451,-1.57700002193451,-1.57500004768372,-1.57700002193451,-1.57599997520447,0,0,0,0,0,0,0,0,0,0,0,0,0,0,0,0,0,0,0,0,0,0,0,0,0,0,0,0,0,0,0,0,0,0,0,0,0,0,0.400000005960464,0,0,0,0,0,0,0,0,0,0,0,0,0,0,0,0,0,0,0,0,0,0,0,0,0,0,0,0,0,0,0,0,0,0,0
-1.20299994945526,-1.20000004768372,0,-1.192999958992,0,-1.18599998950958,-1.18299996852875,-1.17900002002716,0,0,0,0,0,-1.16100001335144,0,0,0,0,0,0,0,0,0,0,0,0,0,0,0,0,0,0,0,0,0,0,0,0,0,0,0,-1.08899998664856,-1.17999994754791,-1.17799997329712,0,0,0,0,0,0,0,0,0,0,0,0,-1.26800000667572,0,0,-1.26400005817413,-1.26199996471405,-1.2610000371933,0,0,0,0,0,-1.25199997425079,-1.25499999523163,0,0,0,0,0,0,-1.34500002861023,-1.34300005435944,0,0,0,0,0,0,0,0,0,0,0,0,0,-1.55099999904633,-1.55299997329712,-1.55200004577637,-1.55299997329712,-1.55499994754791,-1.55499994754791,-1.55400002002716,-1.55499994754791,-1.55599999427795,-1.55499994754791,-1.55599999427795,-1.557000041008,-1.557000041008,0,0,0,0,0,0,0,-1.56099998950958,-1.56099998950958,-1.56200003623962,-1.56099998950958,0,-1.55799996852875,-1.55799996852875,-1.55999994277954,-1.56700003147125,0,0,0,0,0,0,-1.57500004768372,-1.57500004768372,-1.57400000095367,-1.57299995422363,-1.57700002193451,-1.57700002193451,-1.58000004291534,-1.5809999704361,-1.5809999704361,-1.58299994468689,-1.58599996566772,0,0,0,0,0,0,0,0,0,0,0,0,0,0,0,0,0,0,0,0,0,0,0,0,0,0,0,0,0.497000008821487,0,0,0,0,0,0,0,0,0,0,0,0,0,0,0,0,0,0,0,0,0,0,0,0,0,0,0,0,0,0,0,0,0,0,0
-1.19599997997284,0,0,0,0,0,0,0,0,0,0,0,0,0,-1.15400004386902,0,0,0,0,0,-1.13800001144409,0,0,0,0,0,0,0,0,0,0,0,0,0,0,0,0,0,0,0,0,0,-1.17499995231628,0,0,0,0,0,0,0,0,0,0,0,0,-1.26300001144409,-1.26800000667572,0,-1.2610000371933,-1.26300001144409,-1.25600004196167,0,0,0,0,0,0,-1.25,0,0,0,0,0,0,-1.33599996566772,-1.34099996089935,0,0,0,-1.44200003147125,-1.557000041008,-1.55099999904633,0,0,0,-1.5460000038147,-1.54700005054474,-1.54700005054474,-1.54900002479553,-1.54999995231628,0,0,0,0,0,0,0,0,0,0,0,0,0,0,0,0,0,0,0,0,0,0,0,0,0,0,0,0,0,0,0,0,0,0,0,0,0,0,0,0,0,0,0,0,0,0,0,0,0,0,0,0,0,0,0,0,0,0,0,0,0,0,0,0,0,0,0,0,0,0,0,0,0,0,0.398000001907349,0,0,0,0,0,0,0,0,0,0,0,0,0,0,0,0,0,0,-1.48800003528595,0,0,0,0,0,0,0,0,0,0,0,0,0,0,0,0
-1.19200003147125,0,-1.18400001525879,-1.18400001525879,0,0,0,0,0,0,0,0,0,0,0,-1.14499998092651,0,0,0,0,0,0,0,0,0,0,0,0,0,0,0,0,0,0,0,0,0,0,0,0,0,0,-1.16700005531311,0,0,0,0,0,0,0,0,0,0,0,0,-1.26199996471405,-1.2610000371933,-1.25300002098083,-1.25399994850159,0,0,0,0,-1.24300003051758,0,0,0,0,0,0,0,0,0,0,-1.33000004291534,0,0,0,0,0,0,-1.54299998283386,-1.54299998283386,-1.54299998283386,-1.54499995708466,0,0,0,0,0,0,0,0,0,0,0,0,0,0,0,0,0,0,0,0,0,0,0,0,0,0,0,0,0,0,0,0,0,0,0,0,0,0,0,0,0,0,0,0,0,0,0,0,0,0,0,0,0,0,0,0,0,0,0,0,0,0,0,0,0,0,0,0,0,0,0,0,0,0,0,0,0,0,0,0.397000014781952,0,0,0,0,0,0,0,0,0,0,0,0,0,0,0,0,0,0,0,0,0,0,-1.49600005149841,0,-1.49699997901917,-1.5,0,0,0,0,0,0,0,0,0
0,0,0,0,0,0,0,0,0,0,0,0,0,0,0,0,0,0,0,0,0,0,0,0,0,0,0,0,0,-1.18900001049042,0,0,0,0,0,0,0,0,0,0,0,-1.15900003910065,0,0,0,0,0,0,0,0,0,0,0,0,-1.25100004673004,0,0,0,0,0,0,0,0,0,0,0,0,0,0,0,0,0,0,0,0,0,0,0,0,-1.4190000295639,0,0,0,0,0,0,0,0,0,0,0,0,0,0,0,0,0,0,0,0,0,0,0,0,0,0,0,0,0,0,0,0,0,0,0,0,0,0,0,0,0,0,0,0,0,0,0,0,0,0,0,0,0,0,0,0,0,0,0,0,0,0,0,0,0,0,0,0,0,0,0,0,0,0,0,0,0,0,0,0,0,0,0,0,0,0,0,0,0,0,0,0,0,0,0,0,0,0,0,0,0,0,0,0,0,0,0,0,0,0,-1.50100004673004,-1.5,0,-1.50499999523163,0,0,0,0,0,0
0,0,0,0,0,0,0,0,0,0,0,0,0,0,0,0,0,0,0,0,0,0,0,0,0,0,0,0,-1.18499994277954,0,-1.182000041008,0,0,-1.08200001716614,0,0,0,0,0,0,-0.935999989509583,0,0,0,0,0,0,0,0,0,0,0,0,0,-1.24199998378754,0,0,0,0,0,0,0,0,0,0,0,0,0,0,0,0,0,0,-1.31700003147125,0,0,0,0,0,0,-1.52100002765656,0,0,0,0,0,0,0,0,0,0,0,0,0,0,0,0,0,0,0,0,0,0,0,0,0,0,0,0,0,0,0,0,0,0,0,0,0,0,0,0,0,0,0,0,0,0,0,0,0,0,0,0,0,0,0,0,0,0,0,0,0,0,0,0,0,0,0,0,0,0,0,0,0,0,0,0,0,0,0,0,0,0,0,0.395000010728836,0,0,0,0,0,0,0,0,0,0,0,0,0,0,0,0,0,0,0,0,0,0,0,0,0,0,0,0,-1.50399994850159,-1.50699996948242,-1.50999999046326,-1.51199996471405,-1.51499998569489,-1.51699995994568,0
0,0,0,0,0,0,0,0,0,0,0,0,0,0,0,0,0,0,0,0,0,0,0,0,0,0,0,-1.18400001525879,-1.182000041008,0,0,-1.17499995231628,-1.16799998283386,0,-1.07500004768372,0,0,0.488000005483627,0,0,-0.503000020980835,-1.057000041008,0,0,0,0,0,0,0,0,0,0,0,0,-1.23699998855591,0,0,0,0,0,0,0,0,0,0,0,0,0,0,0,-1.30999994277954,0,-1.30599999427795,0,0,0,0,0,-1.40600001811981,0,0,0,0,0,0,0,0,0,0,0,0,0,0,0,0,0,0,0,0,0,0,0,0,0,0,0,0,0,0,0,0,0,0,0,0,0,0,0,0,0,0,0,0,0,0,0,0,0,0,0,0,0,0,0,0,0,0,0,0,0,0,0,0,0,0,0,0,0,0,0,0,0,0,0,0,0,0,0,0,0,0,0,0,0,0,0,0,0,0,0,0,0,0,0,0,0,0,0,0,0,0,0,0,0,0,0,0,0,0,0,0,0,0,0,0,0,0,0,0,-1.51900005340576
0,0,0,0,0,0,0,0,0,0,0,0,0,0,0,0,0,0,0,0,0,-1.19400000572205,0,0,-1.18400001525879,0,0,-1.17900002002716,0,0,0,0,0,0,0,-1.06200003623962,-0.275000005960464,0.828999996185303,0,0,0.178000003099442,0.621999979019165,0,0,0,0,0,0,0,0,-1.23699998855591,-1.23399996757507,0,0,0,0,0,0,0,0,0,0,0,0,0,0,0,0,0,0,-1.29999995231628,-1.29799997806549,-1.30200004577637,0,0,0,0,-1.39499998092651,-1.40100002288818,0,0,0,0,0,0,0,0,0,0,0,0,0,0,0,0,0,0,0,0,0,0,0,0,0,0,0,0,0,0,0,0,0,0,0,0,0,0,0,0,0,0,0,0,0,0,0,0,0,0,0,0,0,0,0,0,0,0,0,0,0,0,0,0,0,0,0,0,0,0,0,0,0,0,0,0,0,0,0,0,0,0,0,0,-0.0529999993741512,0,0,0,0,0,0,0,0,0,0,0,0,0,0,0,0,0,0,0,0,0,0,0,0,0,0,0,0,0,0,0,0,0,0,0,0
0,0,0,0,0,0,0,0,0,0,0,0,0,0,0,0,0,0,0,-1.192999958992,-1.18900001049042,-1.18499994277954,0,-1.182000041008,0,-1.17799997329712,0,-1.17200005054474,0,0,0,0,0,0,-1.14699995517731,-1.14800000190735,-0.500999987125397,0.178000003099442,0.711000025272369,-0.174999997019768,0.178000003099442,0.707000017166138,0,0,0,0,0,0,0,0,0,0,-1.22200000286102,0,0,0,0,0,0,0,0,0,0,0,0,0,0,0,0,0,0,0,0,0,0,0,0,-1.38999998569489,0,0,0,0,0,0,0,0,0,0,0,0,0,0,0,0,0,0,0,0,0,0,0,0,0,0,0,0,0,0,0,0,0,0,0,0,0,0,0,0,0,0,0,0,0,0,0,0,0,0,0,0,0,0,0,0,0,0,0,0,0,0,0,0,0,0,0,0,0,0,0,0,0,0,0,0,0,0,0,0,0,0,0,0,0,-0.0509999990463257,-0.0509999990463257,0,0,0,0,0,0,0,0,0,0,0,0,0,0,0,0,0,0,0,0,0,0,0,0,0,0,0,0,0,0,0,0,0,0,0
0,0,0,0,0,0,0,0,0,0,0,0,0,0,0,0,0,-1.19500005245209,0,-1.19000005722046,0,-1.18499994277954,-1.18099999427795,0,0,0,0,-1.16299998760223,0,0,0,0,0,0,0,0,-0.0500000007450581,0.708000004291534,0.483000010251999,0.819000005722046,0.819000005722046,0.819000005722046,0,0,0,0,0,0,0,-1.22399997711182,-1.22599995136261,0,0,0,-1.21899998188019,0,0,0,0,0,0,0,0,0,0,0,0,0,0,-1.28600001335144,-1.28999996185303,0,0,0,0,0,0,0,0,0,-1.48399996757507,0,0,0,0,0,0,0,0,0,0,0,0,0,0,0,0,0,0,0,0,0,0,0,0,0,0,0,0,0,0,0,0,0,0,0,0,0,0,0,0,0,0,0,0,0,0,0,0,0,0,0,0,0,0,0,0,0,0,0,0,0,0,0,0,0,0,0,0,0,0,0,0,0,0,0,0,0,0,0,0,0,0,0,0.391000002622604,0,0,0,0,0,0,0,0,0,0,0,0,0,0,0,0,0,0,0,0,0,0,0,0,0,0,0,0,0,0,0,0,0,0,0
0,0,0,0,0,0,0,0,0,-1.21200001239777,0,0,0,0,-1.19700002670288,0,-1.19099998474121,-1.19200003147125,0,0,0,0,0,0,0,0,0,0,0,0,0,0,0,0,0,0,0,0.263999998569489,0.819000005722046,0.389999985694885,0.263999998569489,0,0,0,0,0,0,0,-1.22300004959106,0,0,0,0,-1.20899999141693,0,0,0,0,0,0,0,0,0,0,0,0,0,0,0,0,0,0,0,0,0,0,0,-1.37000000476837,0,0,0,0,0,0,0,0,0,0,0,0,0,0,0,0,0,0,-1.56500005722046,-1.56500005722046,-1.56500005722046,-1.56500005722046,-1.56599998474121,-1.56599998474121,-1.56700003147125,-1.567999958992,-1.56900000572205,-1.56900000572205,-1.57099997997284,-1.56900000572205,-1.57000005245209,-1.57200002670288,-1.57099997997284,-1.57200002670288,-1.57299995422363,-1.57299995422363,-1.57299995422363,-1.57200002670288,-1.57299995422363,-1.57700002193451,-1.57799994945526,-1.58399999141693,-1.58599996566772,-1.58599996566772,-1.58500003814697,-1.58399999141693,-1.58399999141693,-1.58299994468689,0,0,0,0,0,0,0,0,0,0,0,0,0,0,0,0,0,0,0,0,0,0,0,0,0,0,0,0,0,0,0,0,0,0,0,0,0,0,0,0,0,0,0,0,0,0,0,0,0,0,0,0,0,0,0,0,0,0,0,0,0,0,0,0,0,0,0,0,0,0,0,0,0,0
0,0,0,0,0,0,0,0,-1.20899999141693,-1.21000003814697,-1.20200002193451,0,0,-1.19099998474121,-1.18900001049042,0,0,0,0,-1.17499995231628,0,0,0,0,0,0,0,0,0,0,-1.2610000371933,-1.25999999046326,-1.25699996948242,0,-1.24800002574921,-1.24500000476837,-1.24300003051758,-1.23800003528595,-1.23399996757507,0,0,0,-1.22300004959106,0,0,0,0,-1.21000003814697,-1.21300005912781,0,0,0,0,0,0,0,0,0,0,0,0,0,0,0,0,0,0,0,0,-1.27300000190735,0,0,0,0,0,0,-1.3639999628067,0,0,0,0,-1.56700003147125,0,0,0,-1.55999994277954,-1.55999994277954,-1.55900001525879,-1.55900001525879,-1.55900001525879,-1.56099998950958,-1.56099998950958,-1.56099998950958,-1.56099998950958,-1.56200003623962,-1.56299996376038,0,0,-1.56299996376038,0,0,0,0,0,0,0,0,0,0,0,0,0,0,0,0,0,0,0,0,0,0,0,0,0,0,-1.5809999704361,-1.58000004291534,-1.57799994945526,-1.5789999961853,-1.5809999704361,-1.58399999141693,-1.58599996566772,-1.58899998664856,-1.58899998664856,0,0,0,0,0,0,0,0,0,0,0,0,0,0,0,0,0,0,0,0,0,0,0,0,0,0,0,0,0,0,0.389999985694885,0,0,0,0,0,0,0,0,0,0,0,0,0,0,0,0,0,0,0,0,0,0,0,0,0,0,0,0,0,0,0,0,0,0,0
0,0,0,0,0,0,0,0,0,0,0,-1.19500005245209,-1.19000005722046,-1.18700003623962,0,0,-1.17799997329712,0,0,0,0,0,0,0,0,0,0,0,-1.25600004196167,-1.25699996948242,0,0,0,-1.24500000476837,-1.24699997901917,0,0,0,0,-1.22399997711182,-1.22800004482269,-1.22200000286102,0,0,-1.21300005912781,-1.21399998664856,-1.21099996566772,0,0,0,0,0,0,0,0,0,0,0,0,0,0,0,-1.26999998092651,-1.27600002288818,-1.26600003242493,0,0,-1.26199996471405,-1.26199996471405,-1.26699995994568,0,0,0,0,0,-1.35199999809265,-1.35000002384186,0,0,-1.46000003814697,0,-1.55799996852875,-1.55799996852875,-1.55799996852875,-1.55799996852875,-1.55900001525879,-1.55799996852875,-1.55799996852875,0,0,0,0,0,0,0,0,0,0,0,0,0,0,0,0,0,0,0,0,0,0,0,0,0,0,0,0,0,0,0,0,0,0,0,0,0,0,0,0,0,0,0,0,0,0,0,0,0,0,0,0,0,0,0,0,0,0,0,0,0,0,0,0,0,0,0,0,0,0,0,0,0,0,0,0,0,0,0,0,0,0,0,0,0,0,0,0,0,0,0,0,0,-1.51499998569489,-1.51999998092651,-1.51600003242493,0,0,0,0,0,0,0,0,0,0,0,0,0,0,0,0
0,0,-1.22300004959106,0,-1.21599996089935,0,-1.20500004291534,-1.20099997520447,-1.20099997520447,0,0,0,0,0,0,0,0,0,0,0,0,0,0,0,0,0,0,0,-1.24899995326996,0,0,0,0,0,0,0,0,0,0,0,0,0,0,0,-1.20700001716614,-1.20099997520447,0,-1.20299994945526,0,0,0,0,0,0,0,0,0,0,0,0,0,0,-1.26400005817413,-1.26600003242493,-1.26300001144409,0,-1.25600004196167,0,-1.25600004196167,0,0,0,0,0,-1.34399998188019,-1.34599995613098,0,0,0,-1.44599997997284,-1.54499995708466,-1.5440000295639,0,0,0,0,0,0,0,0,0,0,0,0,0,0,0,0,0,0,0,0,0,0,0,0,0,0,0,0,0,0,0,0,0,0,0,0,0,0,0,0,0,0,0,0,0,0,0,0,0,0,0,0,0,0,0,0,0,0,0,0,0,0,0,0,0,0,0,0,0,0,0,0,0,0,0,0,0,0,0,0,0,0,0,0,0,0,0,0,0,0,0,0,0,0,0,0,0,0,0,0,0,0,-1.51400005817413,-1.51600003242493,0,0,0,0,0,0,0,0,0,0,0,0,0,0
-1.22000002861023,0,0,-1.20700001716614,0,-1.2059999704361,-1.20299994945526,-1.19700002670288,0,0,0,0,0,-1.17700004577637,0,0,0,0,0,0,0,0,0,0,0,0,0,0,-1.24300003051758,0,0,0,0,0,0,0,0,0,0,0,0,0,0,0,0,0,0,0,0,0,0,0,0,0,0,0,0,0,0,-1.25899994373322,-1.26400005817413,-1.25800001621246,-1.25699996948242,0,0,-1.25499999523163,0,-1.25,0,0,0,0,0,0,0,0,0,0,0,0,0,0,0,0,0,0,0,0,0,0,0,0,0,0,0,0,0,0,0,0,0,0,0,0,0,0,0,0,0,0,0,0,0,0,0,0,0,0,0,0,0,0,0,0,0,0,0,0,0,0,0,0,0,0,0,0,0,0,0,0,0,0,0,0,0,0,0,0,0,0,0,0,0,0,0,0,0,0,0,0,0,0,0,0,0,0,0,0,0,0,0,0,0,0,0,0,0,0,0,0,0,0,0,0,0,0,0,-1.51800000667572,0,0,0,0,0,0,0,0,0,0,0,0
0,0,0,0,-1.20299994945526,0,0,0,0,0,0,0,0,0,0,0,0,0,0,0,0,0,0,0,0,0,0,-1.2389999628067,0,0,0,0,0,0,0,0,0,0,0,0,0,0,0,0,0,0,0,0,0,0,0,0,0,0,0,0,0,0,-1.25600004196167,-1.25399994850159,-1.25399994850159,0,0,0,0,0,0,0,0,0,0,0,-1.32799994945526,-1.3289999961853,0,0,0,0,0,0,-1.53299999237061,0,0,0,0,0,0,0,0,0,0,0,0,0,0,0,0,0,0,0,0,0,0,0,0,0,0,0,0,0,0,0,0,0,0,0,0,0,0,0,0,0,0,0,0,0,0,0,0,0,0,0,0,0,0,0,0,0,0,0,0,0,0,0,0,0,0,0,0,0,0,0,0,0,0,0,0,0,0,0,0,0,0,0,0.476999998092651,0,0,0,0,0,0,0,0,0,0,0,0,0,0,0,0,0,0,0,0,0,0,-1.51600003242493,-1.51699995994568,-1.51900005340576,-1.52199995517731,0,0,0,0,0,0,0,0,0
0,0,0,0,0,0,0,0,0,0,0,0,0,0,0,0,0,0,0,0,0,0,0,0,0,0,0,0,0,0,0,0,0,0,0,0,0,0,0,0,0,0,0,0,0,0,0,0,0,0,0,0,0,0,0,0,0,0,0,0,0,0,0,0,0,0,0,0,0,0,0,0,0,-1.32099997997284,0,0,0,0,0,-1.41600000858307,0,0,0,0,0,0,0,0,0,0,0,0,0,0,0,0,0,0,0,0,0,0,0,0,0,0,0,0,0,0,0,0,0,0,0,0,0,0,0,0,0,0,0,0,0,0,0,0,0,0,0,0,0,0,0,0,0,0,0,0,0,0,0,0,0,0,0,0,0,0,0,0,0,0,0,0,0,0,0,0,0,0,0,0,0.474999994039536,0,0,0,0,0,0,0,0,0,0,0,0,0,0,0,0,0,0,0,0,0,0,0,0,0,-1.52199995517731,-1.52100002765656,-1.52400004863739,0,0,0,0,0,0,0
-1.2039999961853,0,0,-1.19099998474121,-1.18900001049042,0,0,0,0,0,0,0,0,0,0,0,0,0,0,0,0,0,0,0,0,0,0,-1.22200000286102,0,0,0,0,0,0,0,0,-1.30299997329712,0,-1.2940000295639,0,0,0,0,0,0,0,0,0,0,0,0,-1.25600004196167,0,0,-1.24600005149841,-1.24600005149841,-1.24699997901917,0,-1.24399995803833,0,0,0,0,0,0,0,0,0,0,0,0,-1.30999994277954,-1.317999958992,0,0,0,0,0,0,0,0,0,0,0,0,0,0,0,0,0,0,0,0,0,0,0,0,0,0,0,0,0,0,0,0,0,0,0,0,0,0,0,0,0,0,0,0,0,0,0,0,0,0,0,0,0,0,0,0,0,0,0,0,0,0,0,0,0,0,0,0,0,0,0,0,0,0,0,0,0,0,0,0,0,0,0,0,0,0,0,0,0,0,0,0.38400000333786,0,0,0,0,0,0,0,0,0,0,0,0,0,0,0,0,0,0,0,0,0,0,0,0,0,0,0,-1.51999998092651,-1.52199995517731,-1.52300000190735,0,0,0,0,0
-1.19700002670288,0,0,-1.182000041008,0,0,0,0,0,0,0,0,0,0,0,0,0,0,0,0,0,0,0,0,0,0,-1.22500002384186,-1.22399997711182,0,0,0,0,0,0,0,0,0,0,0,-1.27699995040894,0,-1.27499997615814,0,0,0,0,0,0,0,0,-1.24800002574921,0,-1.24399995803833,-1.24199998378754,-1.24100005626678,-1.24100005626678,0,-1.23099994659424,0,0,0,0,0,0,0,0,0,0,0,0,0,-1.307000041008,0,0,0,0,0,-1.39699995517731,-1.40299999713898,-1.40199995040894,0,0,0,0,0,0,0,0,0,0,0,0,0,0,0,0,0,0,0,0,-1.58599996566772,0,0,0,-1.58700001239777,-1.58700001239777,-1.58700001239777,-1.58800005912781,-1.5900000333786,0,-1.5900000333786,-1.5900000333786,0,0,-1.59700000286102,-1.59399998188019,0,0,0,0,-1.60000002384186,0,0,0,0,0,0,0,0,0,0,0,0,0,0,0,0,0,0,0,0,0,0,0,0,0,0,0,0,0,0,0,0,0,0,0,0,0,0,0,0,0,0,0,0.603999972343445,0,0,0,0,0,0,0,0,0,0,0,0,0,0,0,0,0,0,0,0,0,0,0,0,0,0,0,0,0,0,-1.52400004863739,0,0,0,0
0,0,0,0,0,0,0,0,0,0,0,0,0,0,0,0,0,0,0,0,0,0,0,-1.22800004482269,0,0,-1.2150000333786,-1.21300005912781,0,0,0,0,0,0,-1.28699994087219,-1.28299999237061,-1.28100001811981,-1.27600002288818,0,0,0,0,0,0,0,0,0,0,0,-1.24399995803833,0,0,0,0,0,0,0,-1.22500002384186,-1.22699999809265,0,0,0,0,0,0,0,0,0,0,0,-1.29799997806549,-1.29900002479553,0,0,0,0,0,0,0,0,-1.48300004005432,0,0,0,0,0,0,0,-1.58000004291534,-1.5789999961853,-1.57799994945526,-1.5809999704361,-1.5809999704361,-1.58000004291534,-1.58000004291534,-1.58000004291534,-1.58299994468689,-1.58399999141693,-1.58299994468689,-1.58399999141693,-1.58500003814697,-1.58500003814697,-1.58599996566772,-1.58500003814697,0,0,0,0,-1.58700001239777,-1.58700001239777,-1.58800005912781,-1.58899998664856,-1.5900000333786,-1.59099996089935,-1.58899998664856,-1.5900000333786,-1.58899998664856,-1.59099996089935,-1.59399998188019,-1.59800004959106,0,-1.60099995136261,-1.60199999809265,-1.60099995136261,-1.60000002384186,-1.59800004959106,0,0,0,0,0,0,0,0,0,0,0,0,0,0,0,0,0,0,0,0,0,0,0,0,0,0,0,0,0,0,0,0,0,0,0,0,0,0,0.601999998092651,0.180000007152557,0,0,0,0,0,0,0,0,0,0,0,0,0,0,0,0,0,0,0,0,0,0,0,0,0,0,0,0,0,0,0,-1.52799999713898,-1.53100001811981,0
-1.18599998950958,0,0,0,0,0,0,0,0,0,0,0,0,0,0,0,0,0,0,0,0,0,-1.21899998188019,-1.21300005912781,0,-1.21000003814697,-1.20899999141693,0,0,0,0,0,-1.29100000858307,0,-1.28400003910065,0,0,0,0,0,-1.26199996471405,0,0,0,0,0,0,0,0,0,0,0,0,0,0,0,0,0,0,0,0,0,0,0,0,0,0,0,0,0,-1.28999996185303,0,0,0,0,0,0,-1.3860000371933,0,0,0,-1.58299994468689,-1.58500003814697,-1.57400000095367,-1.57599997520447,-1.57799994945526,-1.57700002193451,-1.57799994945526,-1.57799994945526,0,0,0,0,0,0,0,0,0,0,0,0,0,0,0,0,0,0,0,0,0,0,0,0,0,0,0,0,0,0,0,0,0,0,0,0,0,-1.59700000286102,-1.59700000286102,-1.59800004959106,-1.59700000286102,-1.59800004959106,-1.60099995136261,0,0,0,0,0,0,0,0,0,0,0,0,0,0,0,0,0,0,0,0,0,0,0,0,0,0,0,0,0,0,0,0,0.469999998807907,0,0,0,0,0,0,0,0,0,0,0,0,0,0,0,0,0,0,0,0,0,0,0,0,0,0,0,0,0,0,0,0,0,0,0
0,0,0,0,0,0,0,0,0,0,0,0,0,0,0,0,0,0,0,0,0,0,-1.21200001239777,-1.21099996566772,0,0,0,0,0,0,0,0,0,0,0,0,0,0,0,0,0,-1.25199997425079,0,-1.24100005626678,-1.24300003051758,-1.24300003051758,-1.23399996757507,0,-1.23099994659424,-1.22699999809265,0,0,0,0,0,0,0,0,0,0,0,0,0,0,0,0,0,-1.2849999666214,-1.28299999237061,-1.27900004386902,0,0,0,0,0,0,0,-1.37000000476837,0,-1.47000002861023,-1.47200000286102,0,-1.57299995422363,0,0,0,0,0,0,0,0,0,0,0,0,0,0,0,0,0,0,0,0,0,0,0,0,0,0,0,0,0,0,0,0,0,0,0,0,0,0,0,0,0,0,0,0,0,0,0,0,0,0,0,0,0,0,0,0,0,0,0,0,0,0,0,0,0,0,0,0,0,0,0,0,0,0,0,0,0,0,0,0,0,0.467999994754791,0,0,0,0,0,0,0,0,0,0,0,0,0,0,0,0,0,0,0,0,0,0,0,0,0,0,0,0,0,0,0,0,0,0,0
0,0,0,0,0,0,0,0,0,0,0,0,0,0,0,0,0,0,0,-1.22099995613098,-1.21800005435944,-1.20799994468689,0,0,0,0,0,0,0,0,0,0,-1.27199995517731,0,-1.26900005340576,0,0,0,0,-1.25399994850159,0,0,0,-1.23599994182587,-1.23699998855591,-1.23199999332428,0,-1.22500002384186,-1.22500002384186,0,0,0,0,0,0,0,0,0,0,0,0,-1.28400003910065,0,-1.28199994564056,-1.28400003910065,-1.27799999713898,-1.27999997138977,-1.27799999713898,-1.27900004386902,0,0,0,0,0,0,0,-1.36199998855591,0,0,-1.46099996566772,-1.56299996376038,0,0,0,0,0,0,0,0,0,0,0,0,0,0,0,0,0,0,0,0,0,0,0,0,0,0,0,0,0,0,0,0,0,0,0,0,0,0,0,0,0,0,0,0,0,0,0,0,0,0,0,0,0,0,0,0,0,0,0,0,0,0,0,0,0,0,0,0,0,0,0,0,0,0,0,0,0,0,0,0,0,0,0,0.379000008106232,0.0719999969005585,0,0,0,0,0,0,0,0,0,0,0,0,0,0,0,0,0,0,0,0,0,0,0,0,0,0,0,0,0,0,0,0,0,0
0,0,0,0,0,0,0,0,0,0,0,0,0,0,0,0,0,0,-1.21599996089935,-1.21300005912781,-1.20899999141693,0,0,0,0,0,0,0,0,0,0,-1.26499998569489,-1.26699995994568,0,0,0,0,0,-1.24800002574921,0,0,0,0,0,0,0,0,-1.22200000286102,0,0,0,0,0,0,0,0,0,0,0,-1.27999997138977,-1.27799999713898,-1.27799999713898,-1.27699995040894,0,0,0,0,-1.27199995517731,0,0,0,0,0,0,0,-1.35300004482269,-1.35099995136261,-1.35599994659424,0,0,0,0,0,0,0,0,0,0,0,0,0,0,0,0,0,0,0,0,0,0,0,0,0,0,0,0,0,0,0,0,0,0,0,0,0,0,0,0,0,0,0,0,0,0,0,0,0,0,0,0,0,0,0,0,0,0,0,0,0,0,0,0,0,0,0,0,0,0,0,0,0,0,0,0,0,0,0,0,0,0,0,0,0,0,0.465999990701675,-0.549000024795532,0,0,0,0,0,0,0,0,0,0,0,0,0,0,0,0,0,0,0,0,0,0,0,0,0,0,0,0,0,0,0,0,0,0
0,0,0,0,0,0,0,0,0,0,0,0,0,0,0,0,0,0,-1.2039999961853,0,0,0,0,0,0,0,0,0,0,0,0,0,0,0,0,-1.24600005149841,0,0,0,0,0,0,0,0,0,0,0,0,0,0,0,0,0,0,0,0,0,0,-1.27600002288818,-1.27199995517731,-1.27199995517731,0,0,0,0,0,0,0,0,0,0,0,0,0,0,0,0,0,0,-1.44200003147125,0,0,0,0,0,0,0,0,0,0,0,0,0,0,0,0,0,0,0,0,0,0,0,0,0,0,0,0,0,0,0,0,0,0,0,0,0,0,0,0,0,0,0,0,0,0,0,0,0,0,0,0,0,0,0,0,0,0,0,0,0,0,0,0,0,0,0,0,0,0,0,0,0,0,0,0,0,0,0,0,0,0,0,0,0.465000003576279,0.377000004053116,0,0,0,0,0,0,0,0,0,-1.49800002574921,0,0,0,0,0,0,0,0,0,0,0,0,0,0,0,0,0,0,0,0,0,0,0,0
0,0,0,0,0,0,0,0,0,0,0,0,0,-1.22000002861023,-1.21800005435944,0,0,0,-1.20200002193451,0,0,0,0,0,0,0,0,0,0,0,0,0,-1.24600005149841,0,0,-1.24000000953674,0,0,0,0,0,-1.21599996089935,0,0,0,0,0,0,0,0,0,0,0,0,0,0,0,-1.26800000667572,0,-1.26900005340576,0,0,0,0,0,0,0,0,0,0,0,0,0,0,-1.33800005912781,0,0,0,-1.42499995231628,0,0,0,0,0,0,0,0,0,0,0,0,0,0,0,0,0,0,0,0,0,0,0,0,0,0,0,0,0,0,0,0,0,0,0,0,0,0,0,0,0,0,0,0,0,0,0,0,0,0,0,0,0,0,0,0,0,0,0,0,0,0,0,0,0,0,0,0,0,0,0,0,0,0,0,0,0,0,0,0,0,0,0,0,0,0.462000012397766,0,0,0,0,0,0,0,0,0,0,0,0,0,-1.50199997425079,-1.50399994850159,0,0,0,0,0,0,0,0,0,0,0,0,0,0,0,0,0,0,0,0
0,0,0,0,0,0,0,0,0,-1.22599995136261,-1.22699999809265,-1.21899998188019,0,-1.21399998664856,-1.21300005912781,0,-1.20099997520447,-1.19400000572205,-1.19599997997284,0,0,0,0,0,0,0,0,0,0,0,0,-1.24500000476837,-1.24199998378754,0,0,0,0,0,0,0,0,0,0,0,0,0,0,0,0,0,-1.27799999713898,-1.27499997615814,0,0,0,0,-1.26199996471405,0,0,0,0,0,0,0,0,0,0,0,0,0,0,-1.33000004291534,-1.32700002193451,0,-1.32799994945526,0,0,0,-1.41799998283386,0,-1.52199995517731,0,0,0,0,0,0,0,0,0,0,0,0,0,0,0,0,0,0,0,0,0,0,0,0,0,0,0,0,0,0,0,0,0,0,0,0,0,0,0,0,0,0,0,0,0,0,0,0,0,0,0,0,0,0,0,0,0,0,0,0,0,0,0,0,0,0,0,0,0,0,0,0,0,0,0,0,0,0,0,0,0,0,0,0.460999995470047,0,0,0,0,0,0,0,0,0,0,0,0,0,0,0,-1.50399994850159,-1.50600004196167,-1.51199996471405,0,0,0,0,0,0,0,0,0,0,0,0,0,0,0,0,0
0,0,0,0,0,0,0,0,0,-1.22599995136261,0,0,-1.21200001239777,0,0,0,0,-1.18499994277954,0,0,0,0,0,0,0,0,0,0,0,0,-1.24100005626678,0,0,0,0,0,0,0,0,0,0,0,0,0,0,0,0,0,0,-1.27199995517731,-1.27400004863739,-1.27199995517731,-1.26699995994568,0,-1.25800001621246,-1.25899994373322,-1.25899994373322,0,0,0,0,0,0,0,0,0,0,0,0,0,-1.32200002670288,-1.32500004768372,0,-1.32299995422363,-1.317999958992,0,0,0,-1.40900003910065,0,0,0,0,0,0,0,0,0,0,0,-1.58399999141693,-1.58299994468689,-1.58200001716614,-1.58399999141693,-1.58299994468689,-1.58299994468689,-1.58500003814697,-1.58599996566772,-1.58500003814697,-1.58700001239777,-1.58700001239777,-1.58700001239777,-1.58899998664856,-1.58899998664856,-1.58800005912781,-1.5900000333786,-1.58899998664856,-1.5900000333786,-1.5900000333786,-1.5900000333786,-1.59099996089935,-1.5900000333786,-1.59200000762939,-1.59200000762939,-1.59399998188019,-1.59200000762939,-1.59200000762939,-1.59300005435944,-1.59399998188019,-1.59899997711182,-1.60199999809265,-1.60300004482269,-1.60399997234344,-1.60300004482269,-1.60300004482269,0,0,0,0,0,0,0,0,0,0,0,0,0,0,0,0,0,0,0,0,0,0,0,0,0,0,0,0,0,0,0,0,0,0,0,0,0,0,0,0.46000000834465,0,0,0,0,0,0,0,0,0,0,0,0,0,0,0,0,0,0,0,0,0,0,0,0,0,0,0,0,0,0,0,0,0,0,0
0,0,0,0,0,-1.23099994659424,-1.22300004959106,-1.22200000286102,-1.21700000762939,-1.21399998664856,0,0,0,0,0,0,-1.18599998950958,0,0,0,0,0,0,0,0,0,0,0,0,0,-1.23099994659424,-1.22800004482269,0,0,0,0,0,0,0,0,0,0,0,0,0,0,0,0,-1.26900005340576,0,-1.25999999046326,0,0,-1.25300002098083,0,0,-1.24800002574921,0,0,0,0,0,0,0,0,0,0,0,0,0,0,0,0,0,0,0,0,-1.39400005340576,0,0,-1.49199998378754,-1.5900000333786,-1.5900000333786,0,-1.57700002193451,-1.57700002193451,-1.57700002193451,-1.58000004291534,-1.58000004291534,-1.58200001716614,0,0,0,0,0,0,0,0,0,0,0,0,0,0,0,0,0,0,0,0,0,0,0,0,0,0,0,0,0,0,0,0,0,0,0,-1.60300004482269,-1.60300004482269,-1.60199999809265,-1.60199999809265,-1.60199999809265,0,0,0,0,0,0,0,0,0,0,0,0,0,0,0,0,0,0,0,0,0,0,0,0,0,0,0,0,0,0,0,0,0,0,0.374000012874603,0.458000004291534,0,0,0,0,0,0,0,0,0,0,0,0,0,0,0,0,0,0,0,0,0,-1.51800000667572,-1.51800000667572,0,0,0,0,0,0,0,0,0,0,0
0,0,0,0,0,0,0,0,0,0,0,0,0,0,0,0,0,0,0,0,0,0,0,0,0,0,0,0,0,-1.22399997711182,-1.22399997711182,0,0,0,0,0,0,0,0,0,0,0,0,0,0,0,0,0,-1.25899994373322,0,0,0,0,0,-1.24199998378754,0,0,0,0,0,0,0,0,0,0,0,-1.31400001049042,0,0,-1.30599999427795,-1.31099998950958,0,0,0,0,0,0,-1.38900005817413,0,-1.48500001430511,0,0,-1.57400000095367,-1.57400000095367,-1.57400000095367,0,0,0,0,0,0,0,0,0,0,0,0,0,0,0,0,0,0,0,0,0,0,0,0,0,0,0,0,0,0,0,0,0,0,0,0,0,0,0,0,0,0,0,0,-1.60099995136261,-1.60300004482269,0,0,0,0,0,0,0,0,0,0,0,0,0,0,0,0,0,0,0,0,0,0,0,0,0,0,0,0,0,0,0,0,0,0,0.456999987363815,0,0,0,0,0,0,0,0,0,0,0,0,0,0,0,0,0,0,0,0,0,0,0,-1.52199995517731,0,0,0,0,0,0,0,0,0,0
0,-1.23500001430511,0,0,0,-1.21399998664856,-1.21399998664856,0,0,0,0,0,0,0,0,0,0,0,0,0,0,0,-1.24300003051758,0,0,0,0,-1.22599995136261,-1.22200000286102,-1.21700000762939,0,0,0,0,0,0,0,0,0,0,0,0,0,0,0,0,0,-1.25899994373322,-1.25300002098083,0,0,0,0,0,0,0,0,0,0,0,0,0,0,0,-1.30799996852875,-1.30400002002716,-1.30299997329712,-1.29900002479553,-1.29799997806549,0,0,0,0,0,0,0,-1.375,-1.38100004196167,0,0,-1.56599998474121,0,0,0,0,0,0,0,0,0,0,0,0,0,0,0,0,0,0,0,0,0,0,0,0,0,0,0,0,0,0,0,0,0,0,0,0,0,0,0,0,0,0,0,0,0,0,0,0,0,0,0,0,0,0,0,0,0,0,0,0,0,0,0,0,0,0,0,0,0,0,0,0,0,0,0,0,0,0,0,0,0,0,0,0,0,0,0,0,0,0,0,0,0,0,0,0,0,0,0,0,0,0,0,0,0,0,0,0,0,0,-1.52499997615814,0,0,0,0,0,0,0,0
0,0,0,0,-1.21099996566772,-1.21300005912781,0,0,-1.19799995422363,0,0,0,0,0,0,0,0,0,0,0,0,0,-1.2389999628067,-1.23500001430511,0,0,0,-1.21899998188019,0,0,0,0,0,0,0,0,0,0,0,0,0,0,0,0,0,0,-1.24800002574921,-1.25,0,0,0,0,0,0,0,0,0,0,0,0,0,0,0,-1.29799997806549,-1.2960000038147,0,-1.29700005054474,0,0,0,0,0,0,0,0,-1.36699998378754,-1.37300002574921,0,0,0,0,0,0,0,0,0,0,0,0,0,0,0,0,0,0,0,0,0,0,0,0,0,0,0,0,0,0,0,0,0,0,0,0,0,0,0,0,0,0,0,0,0,0,0,0,0,0,0,0,0,0,0,0,0,0,0,0,0,0,0,0,0,0,0,0,0,0,0,0,0,0,0,0,0,0,0,0,0,0,0,0,0,0,0,-0.610000014305115,0.455000013113022,0,0,0,0,0,0,0,0,0,0,0,0,0,0,0,0,0,0,0,0,0,0,0,0,0,0,0,0,-1.52999997138977,0,0,0,0,0
-1.22399997711182,0,-1.21800005435944,0,0,0,0,0,0,0,0,0,0,0,0,0,0,0,0,0,-1.23500001430511,-1.23399996757507,0,0,-1.22399997711182,-1.21899998188019,-1.21800005435944,0,0,0,-1.20099997520447,0,0,0,-1.27900004386902,-1.27900004386902,0,-1.26999998092651,0,0,0,0,0,0,0,0,0,-1.24300003051758,0,0,0,0,0,0,0,0,0,0,0,0,0,0,-1.29200005531311,0,0,0,0,0,0,0,0,0,0,0,0,-1.35800004005432,-1.3639999628067,0,0,-1.44700002670288,0,0,0,0,0,0,0,0,0,0,0,0,0,0,0,0,0,0,0,0,0,0,0,0,0,0,0,0,0,0,0,0,0,0,0,-1.62699997425079,0,0,0,0,0,0,0,0,0,0,0,0,0,0,0,0,0,0,0,0,0,0,0,0,0,0,0,0,0,0,0,0,0,0,0,0,0,0,0,0,0,0,0,0,0,0,0,0,0.453000009059906,0.370000004768372,0,0,0,0,0,0,0,0,0,0,0,0,0,0,0,0,0,0,0,0,0,0,0,0,0,0,0,0,0,0,-1.53199994564056,-1.53400003910065,0,0
0,-1.21700000762939,0,0,-1.20200002193451,0,0,0,0,0,0,0,0,0,0,0,0,0,0,0,-1.22899997234344,-1.22800004482269,0,0,0,0,0,0,0,0,0,0,0,0,-1.27600002288818,-1.26699995994568,-1.26300001144409,0,-1.25699996948242,0,-1.25,-1.24399995803833,0,0,0,-1.23399996757507,-1.23599994182587,0,0,0,0,0,0,0,0,0,0,0,0,0,0,-1.2849999666214,-1.2849999666214,0,0,0,0,0,-1.27199995517731,0,0,0,0,-1.35000002384186,-1.35000002384186,0,0,0,-1.442999958992,0,-1.52499997615814,0,0,0,0,0,0,0,0,0,-1.59899997711182,-1.59700000286102,-1.59800004959106,-1.59800004959106,-1.59800004959106,-1.59599995613098,-1.59700000286102,-1.59800004959106,-1.59700000286102,-1.59800004959106,-1.59899997711182,-1.60000002384186,-1.60000002384186,-1.60000002384186,-1.60099995136261,-1.60099995136261,-1.60199999809265,-1.60199999809265,-1.60399997234344,-1.60199999809265,-1.60300004482269,-1.60500001907349,-1.60399997234344,-1.60500001907349,-1.60899996757507,-1.60500001907349,-1.60500001907349,-1.60699999332428,-1.60899996757507,-1.61000001430511,-1.61300003528595,-1.61600005626678,-1.61600005626678,-1.61600005626678,0,0,0,0,0,0,0,0,0,0,0,0,0,0,0,0,0,0,0,0,0,0,0,0,0,0,0,0,0,0,0,0,0,0,0,0,0,0,0,0,0,0.451999992132187,0,0,0,0,0,0,0,0,0,0,0,0,0,0,0,0,0,0,0,0,0,0,0,0,0,0,0,0,0,0,0,0,0,-1.53999996185303
0,0,0,0,0,0,0,0,0,0,0,0,0,0,0,0,0,0,0,0,0,0,0,0,0,0,0,0,0,0,0,0,0,-1.26400005817413,-1.26999998092651,0,0,0,0,-1.24600005149841,-1.2389999628067,0,-1.23800003528595,-1.23199999332428,-1.23300004005432,-1.22300004959106,0,0,0,0,0,0,0,0,0,0,0,0,0,0,-1.28100001811981,-1.28199994564056,0,0,0,0,0,0,0,0,0,0,0,0,0,0,0,0,-1.42999994754791,0,-1.60000002384186,-1.59800004959106,-1.59800004959106,0,-1.59300005435944,-1.59200000762939,-1.59200000762939,-1.59399998188019,-1.59399998188019,-1.59500002861023,0,0,0,0,0,0,0,0,0,0,0,0,0,0,0,0,0,0,0,0,0,0,0,0,0,0,0,-1.60399997234344,-1.60599994659424,0,0,0,0,-1.61500000953674,-1.61500000953674,-1.61500000953674,-1.61199998855591,-1.6139999628067,0,0,0,0,0,0,0,0,0,0,0,0,0,0,0,0,0,0,0,0,0,0,0,0,0,0,0,0,0,0,0,0,0,0,0,0,0.368000000715256,0.449999988079071,0,0,0,0,0,0,0,0,0,-1.51600003242493,-1.51800000667572,-1.51900005340576,0,0,0,0,0,0,0,0,0,0,0,0,0,0,0,0,0,0,0,0,0,0
0,0,0,0,0,0,0,0,0,0,0,0,0,0,-1.24000000953674,0,0,0,0,-1.22300004959106,-1.21399998664856,0,0,0,0,0,0,0,0,0,0,0,0,-1.26300001144409,0,0,0,0,0,-1.24100005626678,0,0,0,-1.22800004482269,0,0,0,0,0,0,0,0,0,0,0,0,0,0,0,-1.27100002765656,-1.27300000190735,-1.27400004863739,0,0,0,0,0,0,0,0,0,0,0,-1.33399999141693,0,0,0,0,-1.41799998283386,0,0,0,-1.58599996566772,-1.58800005912781,0,0,0,0,0,0,0,0,0,0,0,0,0,0,0,0,0,0,0,0,0,0,0,0,0,0,0,0,0,0,0,0,0,0,0,0,0,0,0,0,0,0,0,0,-1.61000001430511,0,0,0,0,0,0,0,0,0,0,0,0,0,0,0,0,0,0,0,0,0,0,0,0,0,0,0,0,0,0,0,0,0,0,0,0.367000013589859,0.449000000953674,0,0,0,0,0,0,0,0,0,0,0,0,0,-1.52100002765656,-1.52499997615814,-1.52600002288818,-1.53400003910065,-1.53900003433228,-1.5460000038147,-1.54900002479553,0,0,0,0,0,0,0,0,0,0,0,0,0,0
0,0,0,0,0,0,0,0,0,0,0,-1.24699997901917,-1.24300003051758,-1.23699998855591,-1.23399996757507,0,0,0,0,-1.21800005435944,0,0,0,0,0,0,0,0,0,0,0,-1.25699996948242,-1.25199997425079,-1.25100004673004,0,0,0,0,0,0,0,0,0,0,0,0,0,0,0,0,0,0,0,0,0,0,0,0,-1.26400005817413,0,0,0,0,0,0,0,0,0,0,0,0,0,-1.32799994945526,0,0,0,0,-1.41100001335144,0,0,-1.49300003051758,0,0,0,0,0,0,0,0,0,0,0,0,0,0,0,0,0,0,0,0,0,0,0,0,0,0,0,0,0,0,0,0,0,0,0,0,0,0,0,0,0,0,0,0,0,0,0,0,0,0,0,0,0,0,0,0,0,0,0,0,0,0,0,0,0,0,0,0,0,0,0,0,0,0,0,0,0,0,0,0,0,0,0,0,0.448000013828278,0,0,0,0,0,0,0,0,0,0,0,0,0,0,0,0,-1.52900004386902,0,0,0,0,0,0,0,0,0,0,0,0,0,0,0,0,0
0,0,0,0,0,0,0,0,0,0,-1.24699997901917,-1.24300003051758,-1.23599994182587,-1.23300004005432,0,0,-1.21599996089935,0,-1.20700001716614,-1.20700001716614,0,0,0,0,0,0,0,0,0,0,0,-1.25199997425079,-1.24500000476837,0,0,0,0,0,0,0,0,0,0,0,0,-1.2039999961853,0,0,0,0,-1.27999997138977,0,0,0,0,0,0,-1.25499999523163,0,-1.25300002098083,0,0,0,0,0,0,0,0,0,0,-1.31500005722046,-1.31700003147125,-1.31700003147125,0,0,0,0,-1.40400004386902,0,-1.48599994182587,-1.57000005245209,0,0,0,0,0,0,0,0,0,0,0,0,0,0,0,0,0,0,0,0,0,0,0,0,0,0,0,0,0,0,0,0,0,0,0,0,0,0,0,0,0,0,0,0,0,0,0,0,0,0,0,0,0,0,0,0,0,0,0,0,0,0,0,0,0,0,0,0,0,0,0,0,0,0,0,0,0,0,0,0,0,0,0,0,0.565999984741211,0,0,0,0,0,0,0,0,0,0,0,0,0,0,0,0,0,0,0,0,-1.53400003910065,0,0,0,0,0,0,0,0,0,0,0,0,0
0,0,0,0,0,0,0,0,0,-1.24100005626678,-1.24300003051758,-1.23199999332428,0,0,0,0,0,0,-1.20299994945526,0,0,0,0,0,0,0,0,0,0,-1.25,0,0,0,0,0,0,0,0,0,0,0,0,0,0,0,0,0,0,-1.27799999713898,-1.27300000190735,-1.26900005340576,0,-1.27199995517731,0,0,-1.25499999523163,0,-1.25199997425079,-1.25199997425079,0,-1.24699997901917,0,0,0,0,-1.31500005722046,-1.317999958992,0,0,0,-1.30499994754791,0,0,0,0,0,-1.38800001144409,0,0,0,0,0,0,0,0,0,0,0,0,0,0,0,0,0,0,0,0,0,0,0,0,0,0,0,0,0,0,0,0,0,0,0,0,0,0,0,0,0,0,0,0,0,0,0,0,0,0,0,0,0,0,0,0,0,0,0,0,0,0,0,0,0,0,0,0,0,0,0,0,0,0,0,0,0,0,0,0,0,0,0,0,0,0,0,0,0.563000023365021,0,0,0,0,0,0,0,0,0,0,0,0,0,0,0,0,0,0,0,0,0,0,0,0,0,0,0,0,0,0,0,0,0,0
0,0,0,0,0,0,0,0,0,-1.23699998855591,0,0,0,0,0,0,0,0,0,0,0,0,0,0,0,0,0,0,-1.25,-1.24600005149841,-1.24199998378754,-1.24000000953674,0,0,0,0,0,0,0,0,0,0,0,0,0,0,0,-1.26800000667572,-1.27300000190735,-1.26499998569489,-1.26699995994568,-1.26300001144409,0,-1.25300002098083,0,-1.24899995326996,-1.24199998378754,-1.24600005149841,0,0,0,0,0,-1.31200003623962,-1.31400001049042,0,-1.30999994277954,-1.30299997329712,-1.29999995231628,-1.29799997806549,-1.29799997806549,0,0,0,0,-1.37899994850159,-1.37800002098083,-1.37800002098083,0,-1.46599996089935,0,0,0,0,0,0,0,0,0,0,0,0,-1.59399998188019,0,-1.59300005435944,0,-1.59200000762939,-1.59399998188019,-1.59399998188019,-1.59399998188019,-1.59500002861023,-1.59599995613098,-1.59399998188019,-1.59500002861023,-1.59599995613098,-1.59800004959106,-1.59700000286102,-1.59800004959106,-1.59899997711182,-1.59800004959106,-1.59800004959106,-1.59899997711182,-1.59899997711182,-1.60099995136261,-1.60300004482269,-1.60500001907349,0,0,0,0,0,0,0,0,0,0,0,0,0,0,0,0,0,0,0,0,0,0,0,0,0,0,0,0,0,0,0,0,0,0,0,0,0,0,0,0,0,0,0,0,0,0,0,0,0,0.560999989509583,0,0,0,0,0,0,0,0,0,0,0,0,0,0,0,0,0,0,0,0,0,0,-1.53699994087219,-1.53799998760223,-1.53999996185303,0,0,0,0,0,0,0,0,0
0,0,0,0,0,0,-1.24199998378754,0,-1.23300004005432,-1.23000001907349,0,0,0,0,0,0,0,0,0,0,0,0,0,0,-1.25499999523163,0,0,-1.24300003051758,-1.23800003528595,0,0,0,0,0,0,0,0,0,0,0,0,0,0,0,0,0,0,-1.25999999046326,0,0,0,0,0,-1.24899995326996,-1.24199998378754,0,0,0,0,0,0,0,-1.30200004577637,0,0,-1.30499994754791,0,0,-1.28699994087219,-1.29100000858307,0,0,0,0,0,-1.37600004673004,0,0,0,0,-1.53400003910065,-1.59700000286102,-1.59500002861023,0,0,0,-1.58899998664856,-1.58899998664856,-1.58800005912781,-1.5900000333786,-1.58899998664856,-1.59099996089935,-1.59399998188019,-1.59300005435944,-1.59200000762939,-1.59200000762939,0,0,0,0,0,0,0,0,0,0,0,0,0,0,0,0,0,0,-1.60000002384186,0,-1.60000002384186,-1.60000002384186,-1.60199999809265,-1.60300004482269,-1.60599994659424,-1.61000001430511,-1.61099994182587,-1.60800004005432,-1.60899996757507,-1.60899996757507,0,0,0,0,0,0,0,0,0,0,0,0,0,0,0,0,0,0,0,0,0,0,0,0,0,0,0,0,0,0,0,0,0,0,0,0,0,0,0,0.44200000166893,0,0,0,0,0,0,0,0,0,0,0,0,0,0,0,0,0,0,0,0,0,0,0,0,0,-1.54200005531311,-1.5460000038147,-1.54999995231628,0,0,0,0,0,0
0,0,0,-1.25,0,-1.24100005626678,0,-1.23099994659424,-1.22899997234344,0,0,0,0,0,0,0,0,0,0,0,0,-1.2610000371933,-1.2610000371933,-1.25199997425079,0,0,0,0,-1.23099994659424,0,0,0,0,0,0,0,0,0,0,0,0,0,0,0,0,-1.25699996948242,0,-1.25399994850159,0,0,0,0,0,0,-1.22899997234344,0,0,0,0,0,0,0,-1.29499995708466,0,-1.29200005531311,0,0,0,0,-1.28199994564056,0,0,0,-1.36699998378754,-1.36199998855591,0,0,0,0,-1.44099998474121,-1.5900000333786,0,0,-1.58599996566772,-1.58599996566772,-1.58500003814697,-1.58500003814697,-1.58599996566772,0,0,0,0,0,0,0,0,0,0,0,0,0,0,0,0,0,0,0,0,0,0,0,0,0,0,0,0,0,0,0,0,0,0,0,0,-1.60599994659424,-1.60800004005432,-1.61000001430511,-1.60899996757507,0,0,0,0,0,0,0,0,0,0,0,0,0,0,0,0,0,0,0,0,0,0,0,0,0,0,0,0,0,0,0,0,0,0,0,0,0,0.556999981403351,0,0,0,0,0,0,0,0,0,0,0,0,0,0,0,0,0,0,0,0,0,0,0,0,0,0,0,-1.54900002479553,-1.54900002479553,-1.54999995231628,0,0,0,0
-1.25499999523163,-1.25300002098083,0,-1.24100005626678,-1.2389999628067,-1.23500001430511,0,0,-1.22300004959106,0,0,0,0,0,0,0,0,0,0,0,-1.25899994373322,-1.25800001621246,0,0,0,-1.23800003528595,0,0,-1.22200000286102,0,0,0,0,0,0,-1.28799998760223,0,0,0,0,-1.26999998092651,-1.26499998569489,-1.25899994373322,-1.25800001621246,0,-1.25300002098083,-1.24500000476837,-1.25,0,0,0,0,0,0,0,0,0,0,0,0,0,0,-1.28400003910065,0,0,0,0,0,0,0,0,0,0,-1.35199999809265,0,0,0,0,-1.42900002002716,-1.42999994754791,-1.50699996948242,0,0,0,0,0,0,0,0,0,0,0,0,0,0,0,0,0,0,0,0,0,0,0,0,0,0,0,0,0,0,0,0,0,0,0,0,0,0,0,0,0,0,0,0,0,0,0,0,0,0,0,0,0,0,0,0,0,0,0,0,0,0,0,0,0,0,0,0,0,0,0,0,0,0,0,0,0,0,0,0,0,0,0,0,0.555999994277954,0,0,0,0,0,0,0,0,0,0,0,0,0,0,0,0,0,0,0,0,0,0,0,0,0,0,0,0,0,-1.55099999904633,-1.55099999904633,0,0,0
-1.25300002098083,0,0,0,0,0,0,0,0,0,0,0,0,0,0,-1.26999998092651,0,0,-1.25499999523163,-1.25600004196167,-1.24699997901917,0,0,0,0,0,-1.22099995613098,-1.22500002384186,0,0,0,0,0,0,-1.28400003910065,-1.2849999666214,0,0,-1.26600003242493,-1.26699995994568,-1.26600003242493,-1.2610000371933,0,-1.25499999523163,-1.24600005149841,-1.24199998378754,0,0,0,0,0,0,0,0,0,0,0,0,0,0,0,-1.27699995040894,0,0,0,0,0,0,0,0,0,0,-1.34099996089935,-1.34800004959106,0,0,0,0,-1.4210000038147,-1.5,0,0,0,0,0,0,0,0,0,0,0,0,0,0,0,0,0,0,0,0,0,0,0,0,0,0,0,0,0,0,0,0,0,0,0,0,0,0,0,0,0,0,0,0,0,0,0,0,0,0,0,0,0,0,0,0,0,0,0,0,0,0,0,0,0,0,0,0,0,0,0,0,0,0,0,0,0,0,0,0,0,0,0,0,-0.280000001192093,0.554000020027161,0,0,0,0,0,0,0,0,0,-1.5349999666214,-1.53600001335144,-1.54100000858307,-1.54700005054474,-1.54799997806549,0,0,0,0,0,0,0,0,0,0,0,0,0,0,0,0,-1.54999995231628,-1.54999995231628,0,0
-1.24600005149841,0,0,0,0,0,0,0,0,0,0,0,0,0,-1.27499997615814,0,-1.2610000371933,0,-1.25199997425079,0,0,0,0,0,0,0,0,-1.21399998664856,-1.21099996566772,0,0,0,-1.28100001811981,-1.27900004386902,0,0,0,0,0,-1.25699996948242,-1.25300002098083,0,0,0,0,0,0,0,0,0,0,0,0,0,0,0,0,-1.28199994564056,0,-1.27400004863739,-1.27199995517731,-1.27100002765656,0,0,0,0,0,0,0,0,0,-1.33800005912781,-1.3289999961853,-1.33200001716614,0,0,0,0,-1.40499997138977,0,0,-1.55400002002716,0,0,0,0,0,0,0,0,0,0,0,0,0,0,0,0,0,0,0,0,0,0,0,0,0,0,0,0,0,0,0,0,0,-1.63399994373322,0,0,0,0,0,0,0,0,0,0,0,0,0,0,0,0,0,0,0,0,0,0,0,0,0,0,0,0,0,0,0,0,0,0,0,0,0,0,0,0,0,0,0,0,0,0,0,0,-1.00300002098083,0.550999999046326,0,0,0,0,0,0,0,0,0,0,0,0,0,-1.54799997806549,0,0,0,0,0,0,0,0,0,0,0,0,0,0,0,0,0,0,0,0
0,0,0,0,-1.22000002861023,0,0,0,0,0,0,0,0,0,-1.26300001144409,0,-1.25199997425079,-1.25399994850159,-1.24000000953674,0,0,0,0,0,0,0,0,0,0,0,0,0,-1.27600002288818,0,-1.26999998092651,0,0,0,-1.25600004196167,0,0,0,0,0,0,0,0,0,0,0,-1.29200005531311,0,0,0,0,0,-1.27499997615814,-1.26999998092651,-1.26900005340576,0,0,0,0,0,0,0,0,0,0,0,-1.32200002670288,-1.32099997997284,0,0,0,0,-1.39999997615814,-1.39400005340576,-1.39199995994568,-1.47099995613098,0,-1.62600004673004,-1.62800002098083,0,0,0,0,0,-1.61500000953674,-1.61500000953674,-1.61800003051758,-1.61199998855591,-1.61600005626678,-1.61600005626678,-1.61699998378754,-1.61500000953674,-1.61500000953674,-1.6139999628067,-1.61699998378754,-1.61699998378754,-1.61699998378754,-1.61899995803833,-1.61800003051758,-1.61899995803833,-1.62000000476837,-1.62100005149841,-1.62100005149841,-1.62199997901917,-1.62000000476837,-1.62000000476837,-1.61899995803833,-1.62000000476837,-1.62100005149841,-1.62000000476837,-1.62199997901917,-1.62899994850159,-1.625,-1.62300002574921,-1.625,-1.62800002098083,-1.62899994850159,-1.63199996948242,0,0,0,0,0,0,0,0,0,0,0,0,0,0,0,0,0,0,0,0,0,0,0,0,0,0,0,0,0,0,0,0,0,0,0,0,0,0,0,0,0,0,0.358000010251999,0.549000024795532,0,0,0,0,0,0,0,0,0,0,0,0,0,0,0,0,-1.54999995231628,0,0,0,0,0,0,0,0,0,0,0,0,0,0,0,0,0
0,0,0,0,0,0,0,0,0,0,0,-1.26600003242493,-1.26400005817413,-1.25899994373322,-1.25499999523163,0,0,0,0,0,0,0,0,0,0,0,0,0,0,0,0,0,-1.27100002765656,0,0,0,0,0,-1.24500000476837,0,0,0,0,0,0,0,0,-1.2960000038147,-1.2940000295639,-1.29499995708466,-1.28799998760223,-1.28100001811981,-1.27699995040894,0,0,-1.26900005340576,-1.26600003242493,-1.26499998569489,0,0,0,0,0,0,-1.32599997520447,-1.3289999961853,-1.32299995422363,-1.32700002193451,-1.32000005245209,0,0,0,0,0,0,0,-1.38999998569489,-1.38199996948242,0,-1.46300005912781,0,-1.51900005340576,-1.61300003528595,-1.6139999628067,-1.61199998855591,-1.6139999628067,-1.6139999628067,-1.6139999628067,0,0,0,0,0,0,0,0,0,0,0,0,0,0,0,0,0,0,0,0,0,0,0,0,0,0,0,0,0,-1.62300002574921,-1.62399995326996,-1.62600004673004,0,-1.63199996948242,-1.63100004196167,-1.63199996948242,-1.62999999523163,-1.63100004196167,-1.63100004196167,0,0,0,0,0,0,0,0,0,0,0,0,0,0,0,0,0,0,0,0,0,0,0,0,0,0,0,0,0,0,0,0,0,0,0,0,0,-0.992999970912933,0.547999978065491,0,0,0,0,0,0,0,0,0,0,0,0,0,0,0,0,0,0,-1.55200004577637,-1.55200004577637,0,0,0,0,0,0,0,0,0,0,0,0,0,0
0,0,0,0,0,0,0,0,0,0,-1.26699995994568,-1.26600003242493,0,0,0,0,0,0,0,0,0,0,0,0,0,0,0,0,0,0,0,0,-1.25899994373322,0,0,0,0,0,0,-1.23300004005432,0,0,0,0,0,0,0,-1.2849999666214,-1.28799998760223,-1.28100001811981,0,0,-1.26600003242493,-1.26199996471405,-1.2610000371933,-1.25899994373322,0,0,0,0,0,0,-1.32200002670288,-1.32500004768372,-1.32200002670288,-1.32200002670288,-1.32000005245209,0,-1.31299996376038,0,0,0,0,0,0,-1.37300002574921,-1.37399995326996,0,0,-1.44400000572205,-1.60099995136261,0,0,0,0,0,0,0,0,0,0,0,0,0,0,0,0,0,0,0,0,0,0,0,0,0,0,0,0,0,0,0,0,0,0,0,0,0,0,0,0,0,0,0,0,0,-1.625,0,0,0,0,0,0,0,0,0,0,0,0,0,0,0,0,0,0,0,0,0,0,0,0,0,0,0,0,0,0,0,0,0,0,0,0,0,-1.34099996089935,0.546000003814697,0,0,0,0,0,0,0,0,0,0,0,0,0,0,0,0,0,0,0,-1.55200004577637,-1.55200004577637,-1.55999994277954,0,0,0,0,0,0,0,0,0,0,0,0
0,0,0,0,0,0,0,0,0,0,-1.25899994373322,0,-1.24899995326996,0,0,0,0,0,0,0,0,0,0,0,0,0,0,0,0,0,0,-1.25399994850159,0,0,0,0,0,0,0,0,0,0,0,0,0,0,-1.28100001811981,0,0,0,0,0,0,-1.25800001621246,0,0,0,0,0,0,0,0,-1.31400001049042,-1.31599998474121,-1.31099998950958,0,0,0,0,-1.30099999904633,-1.29100000858307,0,0,0,0,-1.36500000953674,0,0,-1.43499994277954,-1.42999994754791,-1.5,0,0,0,0,0,0,0,0,0,0,0,0,0,0,0,0,0,0,0,0,0,0,0,0,0,0,0,0,0,0,0,0,0,0,0,0,0,0,0,0,0,0,0,0,0,0,0,0,0,0,0,0,0,0,0,0,0,0,0,0,0,0,0,0,0,0,0,0,0,0,0,0,0,0,0,0,0,0,0,0,0,0,0,-1.33299994468689,0.541999995708466,0,0,0,0,0,0,0,0,0,0,0,0,0,0,0,0,0,0,0,0,0,-1.55599999427795,-1.55599999427795,0,0,0,0,0,0,0,0,0,0,0
0,0,0,0,0,0,0,-1.26699995994568,-1.26400005817413,-1.25499999523163,-1.25800001621246,0,0,0,0,0,0,0,0,0,0,0,-1.28699994087219,-1.28400003910065,0,0,0,0,-1.25899994373322,0,-1.24899995326996,-1.25,0,0,0,0,0,0,0,0,0,0,0,0,-1.27900004386902,-1.27699995040894,-1.27699995040894,0,0,0,0,0,0,0,0,0,0,0,0,0,0,-1.307000041008,0,0,0,0,0,0,0,-1.28699994087219,0,0,0,0,-1.35199999809265,0,0,0,-1.4190000295639,0,-1.49000000953674,0,0,0,0,0,0,0,0,0,0,0,0,0,0,0,0,0,0,0,0,0,0,0,0,0,0,0,0,0,0,0,0,0,0,0,0,0,0,0,0,0,0,0,0,0,0,0,0,0,0,0,0,0,0,0,0,0,0,0,0,0,0,0,0,0,0,0,0,0,0,0,0,0,0,0,0,0,0,0,0,0,0,0,0,0.540000021457672,0,0,0,0,0,0,0,0,0,0,0,0,0,0,0,0,0,0,0,0,0,0,0,0,-1.56200003623962,-1.56599998474121,0,0,0,0,0,0,0,0
0,0,0,0,0,0,-1.26600003242493,-1.26300001144409,0,-1.24800002574921,0,0,0,0,0,0,0,0,0,0,0,0,-1.28199994564056,0,0,-1.26800000667572,-1.25800001621246,0,-1.25199997425079,-1.24399995803833,-1.24399995803833,0,0,0,0,0,0,0,0,-1.28900003433228,0,-1.27799999713898,-1.27699995040894,-1.27499997615814,-1.27300000190735,-1.27100002765656,0,0,0,0,0,0,0,0,0,0,0,0,0,-1.30200004577637,-1.30400002002716,-1.29499995708466,0,0,0,0,0,0,0,0,0,0,0,-1.34899997711182,0,0,0,-1.4099999666214,-1.4099999666214,-1.47699999809265,-1.56500005722046,0,0,0,0,0,0,0,0,0,0,0,0,0,0,0,0,0,0,0,0,0,0,0,0,0,0,0,0,0,0,0,0,0,0,-1.65100002288818,0,0,0,0,0,0,0,0,0,0,0,0,0,0,0,0,0,0,0,0,0,0,0,0,0,0,0,0,0,0,0,0,0,0,0,0,0,0,0,0,0,0,0,0,0,0,0,0,-1.30999994277954,0.428999990224838,0,0,0,0,0,0,0,0,0,0,0,0,0,0,0,0,0,0,0,0,0,0,0,0,0,-1.56500005722046,-1.56599998474121,0,0,0,0,0,0,0
0,0,0,0,0,0,-1.25899994373322,-1.25899994373322,0,0,0,0,0,0,0,0,0,0,0,0,-1.27799999713898,0,-1.27499997615814,0,-1.26300001144409,-1.25899994373322,-1.25800001621246,-1.25300002098083,-1.24100005626678,0,0,0,0,-1.30400002002716,0,-1.2960000038147,0,0,0,-1.28100001811981,-1.27799999713898,-1.27699995040894,-1.27100002765656,0,-1.26300001144409,0,0,0,0,0,0,0,0,0,0,0,-1.29999995231628,-1.29900002479553,0,-1.29200005531311,0,0,0,0,0,0,0,0,0,0,0,-1.33899998664856,-1.33700001239777,-1.33899998664856,0,-1.40600001811981,-1.39999997615814,-1.40199995040894,0,0,0,0,0,0,0,0,0,0,0,0,0,0,0,0,0,0,0,-1.6139999628067,0,-1.61500000953674,-1.61500000953674,-1.6139999628067,-1.61600005626678,-1.61500000953674,-1.61500000953674,-1.61600005626678,-1.61699998378754,-1.61699998378754,-1.62100005149841,-1.62100005149841,0,0,0,0,0,0,0,0,0,0,0,0,0,0,0,0,0,0,0,0,0,0,0,0,0,0,0,0,0,0,0,0,0,0,0,0,0,0,0,0,0,0,0,0,0,0,0,0,0,0,0,0,0,-1.39100003242493,0,0.537999987602234,0,0,0,0,0,0,0,0,0,0,0,0,0,0,0,0,0,0,0,0,0,0,0,0,0,0,0,0,0,0,0,0,0,0
0,0,-1.27100002765656,-1.26600003242493,0,0,-1.25499999523163,0,0,0,0,0,0,0,0,0,0,0,0,0,-1.27400004863739,-1.27199995517731,-1.2610000371933,0,0,0,0,0,0,0,0,0,0,-1.2940000295639,-1.29200005531311,-1.29200005531311,0,0,0,-1.27199995517731,0,0,0,0,0,0,0,0,0,0,0,-1.31299996376038,-1.30799996852875,0,-1.30499994754791,-1.29799997806549,-1.29299998283386,0,-1.28999996185303,-1.28900003433228,0,0,0,0,0,0,0,-1.33700001239777,0,0,-1.3289999961853,-1.33399999141693,-1.32700002193451,0,0,-1.39999997615814,-1.39800000190735,-1.39499998092651,0,-1.44900000095367,0,0,-1.61899995803833,0,0,-1.61199998855591,-1.61099994182587,-1.61099994182587,-1.61199998855591,-1.61300003528595,-1.61300003528595,-1.6139999628067,-1.61300003528595,-1.61300003528595,-1.61099994182587,-1.61199998855591,-1.61199998855591,-1.61300003528595,-1.61099994182587,-1.61300003528595,0,0,0,-1.6139999628067,0,0,-1.61500000953674,-1.6139999628067,0,-1.61699998378754,-1.6139999628067,-1.61300003528595,-1.61500000953674,-1.61699998378754,-1.61699998378754,-1.62199997901917,0,-1.61899995803833,-1.62000000476837,-1.62300002574921,-1.62399995326996,-1.62699997425079,-1.62999999523163,0,0,0,0,0,0,0,0,0,0,0,0,0,0,0,0,0,0,0,0,0,0,0,0,0,0,0,0,0,0,0,0,0,0,0,0,0,0,0,0,0,0,0.533999979496002,0,0,0,0,0,0,0,0,0,0,0,0,0,0,0,0,0,0,0,0,0,0,0,0,0,0,0,0,0,0,0,0,0,0
-1.27600002288818,-1.26999998092651,0,-1.26300001144409,0,-1.24600005149841,-1.24300003051758,0,0,0,0,0,0,0,0,0,0,0,0,-1.27100002765656,0,0,0,0,0,0,0,0,0,0,0,0,0,-1.28600001335144,0,0,-1.27699995040894,-1.27499997615814,0,0,0,0,0,0,0,0,0,-1.32099997997284,-1.31500005722046,-1.307000041008,-1.30200004577637,-1.30099999904633,0,0,-1.28900003433228,-1.2940000295639,0,0,0,0,0,0,0,-1.3400000333786,-1.33399999141693,-1.33000004291534,-1.3289999961853,-1.32799994945526,-1.32099997997284,-1.32599997520447,-1.32599997520447,-1.317999958992,0,-1.38399994373322,-1.38699996471405,-1.38499999046326,0,0,0,-1.43799996376038,-1.53299999237061,0,-1.61500000953674,-1.61000001430511,-1.61099994182587,-1.61099994182587,0,0,0,0,0,0,0,0,0,0,0,0,0,0,0,0,0,0,0,0,0,0,0,0,0,0,0,0,0,0,0,0,0,0,0,0,-1.62699997425079,-1.62800002098083,-1.62699997425079,-1.62600004673004,0,0,0,0,0,0,0,0,0,0,0,0,0,0,0,0,0,0,0,0,0,0,0,0,0,0,0,0,0,0,0,0,0,0,0,-1.35800004005432,0,0,-1.37800002098083,0.532999992370605,0.425999999046326,0,0,0,0,0,0,0,0,0,0,-1.53900003433228,-1.54299998283386,-1.5440000295639,0,0,0,0,0,0,0,0,0,0,0,0,0,0,0,0,0,0,0,0
-1.26999998092651,-1.26800000667572,0,0,0,0,0,0,0,0,0,0,0,0,0,0,0,-1.26999998092651,-1.26900005340576,0,0,0,0,0,0,0,0,0,0,0,0,0,-1.2849999666214,-1.28600001335144,0,0,0,0,-1.25399994850159,-1.25399994850159,0,0,0,0,0,0,-1.30999994277954,-1.31200003623962,-1.30999994277954,0,0,0,0,0,0,0,0,0,0,0,0,0,0,-1.32799994945526,-1.3309999704361,0,-1.32299995422363,0,0,-1.317999958992,-1.307000041008,0,0,-1.38100004196167,-1.37800002098083,0,0,0,-1.42499995231628,0,0,-1.59399998188019,0,0,0,0,0,0,0,0,0,0,0,0,0,0,0,0,0,0,0,0,0,0,0,0,0,0,0,0,0,0,0,0,0,0,0,0,0,0,0,0,0,0,0,0,0,0,0,0,0,0,0,0,0,0,0,0,0,0,0,0,0,0,0,0,0,0,0,0,0,0,0,0,0,0,0,0,0,0,0,-1.35000002384186,0,0,-1.36699998378754,0.531000018119812,0,0,0,0,0,0,0,0,0,0,0,0,0,0,-1.54799997806549,-1.54900002479553,-1.55099999904633,0,0,0,0,0,0,0,0,0,0,0,0,0,0,0,0,0
-1.26499998569489,0,0,0,0,0,0,0,0,0,0,0,0,0,0,-1.27600002288818,-1.26900005340576,-1.26699995994568,-1.26199996471405,-1.25800001621246,0,0,0,0,0,0,0,0,0,0,0,0,-1.27999997138977,0,0,0,0,0,0,0,-1.23699998855591,0,0,0,0,-1.30200004577637,-1.29799997806549,0,0,-1.29700005054474,0,0,0,-1.27100002765656,-1.26999998092651,0,0,0,0,0,0,0,-1.32200002670288,0,0,0,0,0,0,0,0,-1.37000000476837,-1.36699998378754,-1.3639999628067,0,0,0,-1.41400003433228,-1.4210000038147,0,-1.50100004673004,0,-1.63100004196167,0,0,0,0,-1.62399995326996,-1.62300002574921,-1.62399995326996,-1.62600004673004,-1.625,-1.62600004673004,-1.62399995326996,-1.62199997901917,-1.62100005149841,-1.62000000476837,-1.62000000476837,-1.61899995803833,-1.62100005149841,-1.62300002574921,-1.62199997901917,-1.62100005149841,-1.62000000476837,-1.62300002574921,-1.62300002574921,-1.62199997901917,-1.62000000476837,-1.625,-1.62199997901917,-1.62300002574921,-1.62399995326996,-1.62399995326996,-1.62600004673004,-1.62600004673004,-1.62800002098083,0,0,0,0,0,0,0,0,0,0,0,0,0,0,0,0,0,0,0,0,0,0,0,0,0,0,0,0,0,0,0,0,0,0,0,0,0,0,0,0,0,0,0,0,0,0,0,-1.35399997234344,-1.35000002384186,0.527999997138977,0,0,0,0,0,0,0,0,0,0,0,0,0,0,0,0,-1.54999995231628,-1.55299997329712,0,0,0,0,0,0,0,0,0,0,0,0,0,0,0,0
0,0,0,0,0,0,0,0,0,0,0,0,0,0,0,-1.26600003242493,-1.26699995994568,0,0,-1.25,0,0,0,0,0,0,0,0,0,0,-1.27400004863739,-1.26999998092651,-1.26999998092651,0,0,0,0,0,0,0,0,0,0,-1.30499994754791,-1.29900002479553,0,0,0,0,0,0,0,0,0,0,0,0,0,0,-1.32000005245209,-1.31400001049042,-1.317999958992,-1.30799996852875,0,0,0,0,0,0,0,0,-1.35300004482269,0,0,0,0,-1.40600001811981,-1.40900003910065,0,-1.4889999628067,0,-1.62800002098083,0,-1.61899995803833,-1.62199997901917,-1.62000000476837,-1.62199997901917,-1.62100005149841,0,0,0,0,0,0,0,0,0,0,0,0,0,0,0,0,0,0,0,0,0,0,0,0,0,-1.62300002574921,0,-1.62100005149841,-1.62699997425079,-1.62399995326996,-1.62600004673004,-1.62800002098083,-1.62999999523163,-1.63399994373322,-1.63300001621246,-1.63399994373322,-1.63399994373322,0,0,0,0,0,0,0,0,0,0,0,0,0,0,0,0,0,0,0,0,0,0,0,0,0,0,0,0,0,0,0,0,0,0,0,0,-1.3309999704361,-1.33500003814697,0,-1.34399998188019,0.526000022888184,-0.418999999761581,0,0,0,0,0,0,0,0,0,0,0,0,0,0,0,0,0,0,0,0,0,0,0,0,0,0,0,0,0,0,0,0,0
-1.24899995326996,0,0,0,0,0,0,0,0,0,0,0,0,0,-1.26199996471405,-1.26600003242493,0,0,0,0,0,0,0,0,0,0,0,0,0,0,-1.26499998569489,0,-1.26499998569489,0,0,0,0,0,0,-1.31099998950958,0,0,-1.29900002479553,-1.29299998283386,0,-1.2849999666214,0,0,0,0,0,0,0,0,0,0,0,0,-1.31599998474121,-1.30799996852875,-1.30200004577637,-1.307000041008,0,0,0,0,0,0,0,0,-1.34300005435944,-1.34700000286102,0,0,0,-1.39699995517731,-1.39499998092651,0,0,-1.47800004482269,0,-1.56299996376038,0,0,0,0,0,0,0,0,0,0,0,0,0,0,0,0,0,0,0,0,0,0,0,0,0,0,0,0,0,0,0,0,0,0,0,0,0,0,0,0,0,0,-1.62999999523163,0,0,0,0,0,0,0,0,0,0,0,0,0,0,0,0,0,0,0,0,0,0,0,0,0,0,0,0,0,0,0,0,0,0,0,0,0,0,0,-1.33800005912781,0.523999989032745,0,0,0,0,0,0,0,0,0,0,0,0,0,0,0,0,0,0,0,0,-1.55999994277954,0,0,0,0,0,0,0,0,0,0,0,0,0
0,0,0,0,0,0,0,0,0,0,0,0,0,-1.26499998569489,-1.25800001621246,0,0,0,0,0,0,0,0,-1.29700005054474,0,0,0,0,0,-1.26600003242493,-1.25499999523163,0,0,0,0,0,0,0,0,0,-1.29999995231628,0,-1.28600001335144,0,-1.2849999666214,0,0,0,0,0,0,0,0,0,0,0,-1.30999994277954,-1.30400002002716,-1.29900002479553,0,-1.29799997806549,0,0,-1.35199999809265,-1.35000002384186,-1.34899997711182,-1.34399998188019,0,-1.33700001239777,-1.33700001239777,-1.33599996566772,0,0,0,-1.39100003242493,-1.3860000371933,0,-1.38300001621246,-1.45799994468689,-1.46700000762939,0,-1.60300004482269,0,0,0,0,0,0,0,0,0,0,0,0,0,0,0,0,0,0,0,0,0,0,0,0,0,0,0,0,0,0,0,0,0,0,0,0,0,0,0,0,0,0,0,0,0,0,0,0,0,0,0,0,0,0,0,0,0,0,0,0,0,0,0,0,0,0,0,0,0,0,0,0,0,0,0,0,0,-1.38100004196167,-1.38999998569489,0,0,0,0,0.523000001907349,-0.409999996423721,0,0,0,0,0,0,0,0,0,0,0,0,0,0,0,0,0,0,0,0,0,0,0,-1.18700003623962,-1.19599997997284,0,-0.925999999046326,-1.21200001239777,0,0,0,0,0
0,0,0,0,0,0,0,0,0,0,0,0,-1.26400005817413,-1.25300002098083,-1.25199997425079,0,0,0,0,0,0,0,-1.29299998283386,-1.28799998760223,-1.28100001811981,-1.28299999237061,-1.27499997615814,0,-1.25899994373322,-1.25699996948242,0,0,0,0,0,0,0,0,0,-1.2940000295639,-1.2940000295639,0,-1.27900004386902,0,0,0,0,0,0,0,0,0,0,0,0,-1.29799997806549,-1.29999995231628,0,0,0,0,0,0,-1.35000002384186,0,-1.33800005912781,-1.33899998664856,-1.33500003814697,-1.3309999704361,-1.32700002193451,0,0,0,-1.37300002574921,-1.37899994850159,0,0,0,-1.44700002670288,0,0,-1.53100001811981,0,0,0,0,0,0,0,0,0,0,0,0,0,0,0,0,0,0,0,0,0,0,0,0,0,0,0,0,0,0,0,0,0,0,-1.6690000295639,0,0,0,0,0,0,0,-1.0789999961853,0,0,0,0,0,0,0,0,0,0,0,0,0,0,0,0,0,0,0,0,0,0,0,0,0,0,0,0,0,0,0,0,0,0,0,-1.37600004673004,0,0,0,-1.31500005722046,0.521000027656555,-0.32600000500679,0,0,0,0,0,0,0,0,0,0,-1.55400002002716,0,0,0,0,0,0,0,0,0,0,0,0,0,-1.28900003433228,-1.19799995422363,-0.926999986171722,-0.929000020027161,0,0,0,0,0
0,0,0,0,0,0,0,0,0,0,-1.2610000371933,-1.2610000371933,0,0,0,0,0,0,0,0,0,-1.28600001335144,-1.28600001335144,0,0,-1.26900005340576,-1.26999998092651,0,-1.25,-1.25199997425079,0,0,0,-1.31599998474121,-1.30900001525879,-1.30799996852875,-1.30499994754791,-1.29299998283386,-1.29299998283386,-1.28600001335144,0,0,0,0,0,0,0,-1.32700002193451,0,-1.31299996376038,-1.31200003623962,-1.31200003623962,-1.30400002002716,0,-1.2940000295639,-1.29100000858307,-1.29499995708466,0,0,0,0,0,-1.33399999141693,-1.33800005912781,0,0,0,-1.32599997520447,0,0,0,0,-1.37000000476837,-1.37100005149841,-1.3639999628067,0,0,0,-1.44099998474121,0,-1.51499998569489,-1.57500004768372,0,0,0,0,0,0,0,-1.63499999046326,-1.63199996948242,-1.63300001621246,-1.63499999046326,-1.63300001621246,-1.62999999523163,-1.62899994850159,-1.62899994850159,-1.63100004196167,-1.63199996948242,-1.63300001621246,-1.63199996948242,-1.63199996948242,-1.62999999523163,-1.63199996948242,-1.63300001621246,-1.63199996948242,-1.63199996948242,-1.63100004196167,-1.63300001621246,-1.63199996948242,-1.63399994373322,0,0,0,0,0,0,0,0,0,0,0,0,0,-0.995999991893768,0,0,0,0,0,0,0,0,0,0,0,0,0,0,0,0,0,0,0,0,0,0,0,0,0,0,0,0,0,0,0,0,0,-1.43099999427795,-1.442999958992,-1.36600005626678,-1.36899995803833,-1.375,-1.38900005817413,-1.307000041008,0.519999980926514,-0.802999973297119,0,0,0,0,0,0,0,0,0,0,-1.557000041008,-1.56299996376038,-1.56099998950958,0,0,0,0,0,0,0,0,0,0,0,0,0,0,0,0,0,0,0,0
0,0,0,0,0,0,0,0,0,0,-1.25600004196167,0,-1.24800002574921,0,0,0,0,0,0,0,-1.28900003433228,-1.28799998760223,0,0,0,0,0,-1.25199997425079,-1.25,0,0,-1.22699999809265,0,-1.31099998950958,-1.30299997329712,0,-1.28900003433228,-1.28799998760223,-1.28199994564056,0,0,0,0,0,0,0,-1.317999958992,-1.32200002670288,-1.31500005722046,0,-1.307000041008,0,-1.29299998283386,0,-1.28400003910065,0,0,0,0,0,-1.3309999704361,-1.33500003814697,-1.32599997520447,0,0,0,0,0,0,0,0,-1.35699999332428,-1.35699999332428,0,0,0,-1.42900002002716,-1.42799997329712,-1.42799997329712,0,-1.50800001621246,-1.63300001621246,-1.63499999046326,-1.62699997425079,-1.62800002098083,-1.62999999523163,-1.63100004196167,-1.62999999523163,-1.62699997425079,-1.63199996948242,0,0,0,0,0,0,0,0,0,0,0,0,0,0,0,0,0,0,0,0,-1.63100004196167,-1.63100004196167,-1.63300001621246,-1.63199996948242,-1.63399994373322,-1.63499999046326,-1.63199996948242,-1.63300001621246,-1.63399994373322,-1.63499999046326,-1.63900005817413,-1.64100003242493,-1.64400005340576,-1.51999998092651,-1.06200003623962,0,0,0,0,0,0,0,0,0,0,0,0,0,0,0,0,0,0,0,0,0,0,0,0,0,0,0,0,0,0,0,0,0,0,-1.42900002002716,0,-1.3639999628067,0,-1.375,-1.37600004673004,0.517000019550323,0,0,0,0,0,0,0,0,0,0,0,0,0,0,-1.55999994277954,-1.55999994277954,0,0,0,0,0,0,0,0,0,0,0,0,0,0,0,0,0,0
0,0,0,0,0,0,0,0,0,-1.25399994850159,-1.25499999523163,0,0,-1.23199999332428,0,0,0,0,0,0,0,-1.27799999713898,0,0,0,0,0,0,0,0,0,0,-1.29799997806549,-1.29999995231628,0,0,0,-1.27799999713898,0,0,0,0,0,0,0,-1.31200003623962,-1.30900001525879,0,-1.30099999904633,0,0,-1.28699994087219,0,-1.27699995040894,-1.28100001811981,0,0,0,-1.32700002193451,-1.32099997997284,-1.317999958992,-1.31900000572205,0,0,0,0,0,0,0,0,-1.34800004959106,-1.35300004482269,0,0,0,-1.41499996185303,0,0,0,0,-1.49000000953674,-1.5440000295639,0,-1.62600004673004,0,0,0,0,0,0,0,0,0,0,0,0,0,0,0,0,0,0,0,0,0,0,0,0,0,0,0,0,0,0,0,0,0,0,0,0,0,0,0,-1.64600002765656,-1.20000004768372,-1.63999998569489,-1.63999998569489,0,0,0,0,0,0,0,0,0,0,0,0,0,0,0,0,0,0,0,0,0,0,0,0,0,0,0,0,0,0,0,0,-1.4190000295639,0,0,0,0,-1.36800003051758,0.514999985694885,-0.878000020980835,-0.229000002145767,0,0,0,0,0,0,0,0,0,0,0,0,0,0,-1.56299996376038,-1.56599998474121,0,0,0,0,0,0,0,0,0,0,0,0,0,0,0,0
0,0,0,0,0,0,0,0,0,-1.24699997901917,0,0,0,0,0,0,0,0,0,-1.27699995040894,-1.26999998092651,-1.26699995994568,0,0,0,0,0,0,0,0,0,0,-1.28900003433228,0,0,0,0,0,0,0,0,0,0,-1.31299996376038,-1.307000041008,0,0,0,0,0,0,0,0,0,0,0,0,-1.317999958992,-1.32299995422363,-1.317999958992,0,0,0,0,0,0,0,-1.34300005435944,-1.34099996089935,-1.33599996566772,-1.33800005912781,0,0,0,-1.40699994564056,0,0,0,0,-1.47000002861023,-1.47200000286102,0,0,0,0,0,0,0,0,0,0,0,0,0,0,0,0,0,0,0,0,0,0,0,0,0,0,0,0,0,0,0,0,0,0,0,0,0,0,0,0,0,0,0,-1.04499995708466,-1.63499999046326,0,0,0,0,0,0,0,0,0,0,0,0,0,0,0,0,0,0,0,0,0,0,0,0,0,0,0,0,0,0,0,-1.46700000762939,0,-1.40600001811981,0,0,0,0,-1.35500001907349,0.513999998569489,0.186000004410744,0,0,0,0,0,0,0,0,0,0,0,0,0,0,0,0,0,0,0,0,0,0,0,0,0,0,0,0,0,0,-1.57500004768372,0,0
0,0,0,0,0,0,-1.25499999523163,-1.25100004673004,-1.24699997901917,-1.23699998855591,0,0,0,0,0,0,0,0,-1.27199995517731,-1.27100002765656,0,0,0,0,0,0,0,0,0,0,0,-1.28900003433228,0,0,0,0,0,0,0,0,0,0,-1.31099998950958,-1.30799996852875,0,0,0,0,0,0,0,-1.3309999704361,0,0,0,0,-1.31200003623962,-1.31400001049042,0,0,0,0,0,0,0,-1.33500003814697,-1.33399999141693,-1.33899998664856,-1.33500003814697,0,-1.33200001716614,0,0,-1.39300000667572,-1.39499998092651,-1.39900004863739,0,0,0,-1.46599996089935,-1.50800001621246,-1.59399998188019,0,0,0,0,0,0,0,0,0,0,0,0,0,0,0,0,0,0,0,0,0,0,0,0,0,0,0,0,0,0,0,0,0,0,0,0,0,0,0,0,0,0,-1.31099998950958,-1.52999997138977,0,0,0,0,0,0,0,0,0,0,0,0,0,0,0,0,0,0,0,0,0,0,0,0,0,0,0,0,0,0,0,-1.44599997997284,0,-1.39300000667572,0,0,0,0,-1.34899997711182,0.510999977588654,-0.467000007629395,0,0,0,0,0,0,0,0,0,0,0,0,0,0,0,0,0,0,0,0,0,0,0,0,0,0,0,0,0,0,-1.57500004768372,-1.57700002193451,-1.5809999704361
0,0,0,-1.27100002765656,-1.26400005817413,0,-1.25100004673004,0,0,-1.23500001430511,0,0,0,0,0,0,0,0,-1.26300001144409,0,0,0,0,0,0,0,0,0,0,0,-1.28299999237061,-1.28400003910065,0,0,0,0,0,0,0,0,0,0,-1.30400002002716,-1.29799997806549,-1.29299998283386,0,0,0,0,0,-1.25899994373322,0,0,0,0,-1.30299997329712,-1.30799996852875,0,0,0,0,0,0,-1.33700001239777,-1.33000004291534,-1.3289999961853,0,0,0,-1.32099997997284,0,0,-1.38199996948242,-1.3860000371933,-1.38399994373322,0,0,0,-1.44400000572205,-1.44799995422363,0,-1.57400000095367,0,0,0,0,0,0,0,0,0,0,0,0,0,0,0,0,0,0,0,0,0,0,0,0,0,0,0,0,0,0,0,0,0,0,0,0,0,0,0,0,0,0,-0.944999992847443,0,0,0,0,0,0,0,0,0,0,0,0,0,0,0,0,0,0,0,0,0,0,0,0,0,0,0,0,0,0,0,0,-1.43799996376038,0,-1.38499999046326,-1.39100003242493,0,-1.40199995040894,0,0,0.50900000333786,0,0,0,0,0,0,0,0,0,0,0,0,0,0,0,0,0,0,0,0,0,0,0,0,0,0,0,0,0,0,0,0,0,-1.57700002193451
0,-1.27199995517731,-1.26499998569489,-1.26300001144409,0,0,-1.24000000953674,0,0,0,0,0,0,0,0,0,-1.26400005817413,0,-1.25899994373322,0,0,0,0,0,0,0,0,-1.29100000858307,0,-1.28400003910065,-1.27699995040894,-1.26800000667572,0,0,0,0,0,0,0,-1.29999995231628,0,-1.28900003433228,-1.28699994087219,0,0,0,0,-1.33800005912781,-1.32700002193451,-1.32099997997284,-1.31599998474121,-1.31599998474121,0,-1.30499994754791,-1.29799997806549,-1.30099999904633,0,0,0,0,0,0,-1.32400000095367,-1.32400000095367,0,0,0,0,0,0,0,-1.375,0,0,0,0,0,0,0,-1.44200003147125,0,0,0,0,0,0,0,0,0,0,0,0,0,0,0,0,0,0,0,0,0,0,0,0,0,0,0,0,0,0,0,0,0,0,0,0,0,0,0,0,0,0,0,0,-0.797999978065491,-1.50100004673004,0,0,0,0,0,0,0,0,0,0,0,0,0,0,0,0,0,0,0,0,0,0,0,0,0,0,0,0,0,0,0,0,-1.43099999427795,-1.37600004673004,-1.37800002098083,0,-1.39400005340576,0,-1.32799994945526,0.247999995946884,0.186000004410744,-0.860000014305115,0,0,0,0,0,0,0,0,-1.55299997329712,-1.55299997329712,0,0,0,0,0,0,0,0,0,0,0,0,0,0,0,0,0,0,0,0,0,0
-1.27199995517731,-1.27199995517731,-1.25899994373322,0,-1.24899995326996,0,-1.23500001430511,0,0,0,0,0,0,0,0,-1.27199995517731,-1.25999999046326,-1.25699996948242,-1.25300002098083,0,0,0,0,0,0,-1.29700005054474,0,-1.28400003910065,-1.28299999237061,-1.27499997615814,-1.27100002765656,0,0,0,0,0,0,0,-1.2960000038147,-1.29700005054474,-1.29299998283386,-1.28199994564056,0,0,0,0,0,-1.3309999704361,0,-1.31099998950958,-1.31299996376038,0,0,-1.28900003433228,0,-1.29200005531311,0,0,0,0,0,-1.317999958992,-1.31700003147125,0,0,0,0,0,0,0,-1.36600005626678,-1.36600005626678,0,0,0,0,0,-1.4210000038147,-1.41999995708466,-1.47300004959106,0,-1.5460000038147,0,0,0,0,0,0,0,0,0,0,0,0,0,0,0,0,0,0,0,0,0,0,0,0,0,0,0,0,0,0,0,0,0,0,0,0,0,0,0,0,0,0,-1.21700000762939,0,0,0,0,0,0,0,0,0,0,0,0,0,0,0,0,0,0,0,0,0,0,0,0,0,0,0,0,0,0,0,0,0,-1.41799998283386,0,0,0,-1.38100004196167,-1.3860000371933,-1.39600002765656,0.0230000000447035,0.504999995231628,-0.214000001549721,0,0,0,0,0,0,0,0,0,-1.55400002002716,-1.55200004577637,0,0,0,0,0,0,0,0,0,0,0,0,0,0,0,0,0,0,0,0,0
-1.26699995994568,0,0,0,0,0,-1.22800004482269,0,0,0,0,0,0,0,0,-1.25800001621246,0,0,0,0,0,0,0,0,0,-1.29100000858307,0,-1.27100002765656,0,-1.26300001144409,0,0,0,0,-1.30999994277954,-1.30799996852875,-1.30499994754791,0,-1.29200005531311,-1.28699994087219,0,0,0,0,0,0,0,-1.31700003147125,0,-1.30299997329712,0,0,0,0,0,0,0,0,0,0,-1.30799996852875,-1.31500005722046,-1.31200003623962,0,0,0,0,-1.36199998855591,-1.35699999332428,-1.35800004005432,-1.35699999332428,-1.35800004005432,0,0,0,-1.41199994087219,-1.40799999237061,-1.40900003910065,-1.46000003814697,-1.46200001239777,-1.53199994564056,-1.5349999666214,0,0,0,0,0,0,0,0,0,0,0,0,0,0,0,0,0,0,0,0,0,0,0,0,0,0,0,0,0,0,0,0,0,0,0,0,0,0,0,0,0,0,-0.995000004768372,0,0,0,0,0,0,0,0,0,0,0,0,0,0,0,0,0,0,0,0,0,0,0,0,0,0,0,0,0,-1.48099994659424,0,-1.39699995517731,0,0,-1.41100001335144,-1.36300003528595,0,0,0,-1.38399994373322,0.337999999523163,0.504000008106232,0,0,0,0,0,0,0,0,0,0,0,0,-1.557000041008,-1.55499994754791,0,0,0,0,0,0,0,0,0,0,0,-1.58500003814697,-1.58599996566772,0,0,0,0,0,0
-1.26199996471405,0,0,0,0,0,0,0,0,0,0,0,0,0,-1.25300002098083,-1.25600004196167,0,0,0,0,0,0,0,-1.28600001335144,-1.28600001335144,0,-1.27300000190735,0,0,0,0,0,-1.31099998950958,-1.30599999427795,-1.30599999427795,-1.29999995231628,0,-1.28299999237061,-1.2849999666214,0,0,0,0,0,0,-1.307000041008,-1.30900001525879,-1.30599999427795,-1.29299998283386,0,0,0,0,-1.26900005340576,0,0,0,-1.31599998474121,-1.30900001525879,-1.307000041008,-1.30900001525879,-1.30200004577637,0,0,0,0,-1.35199999809265,-1.35899996757507,-1.35300004482269,-1.34399998188019,0,0,0,0,0,-1.40499997138977,0,0,-1.44000005722046,0,-1.51600003242493,0,0,0,0,0,0,0,0,0,0,0,-1.62800002098083,-1.62600004673004,-1.62399995326996,0,-1.62399995326996,-1.62199997901917,-1.62300002574921,-1.62300002574921,-1.62300002574921,-1.62300002574921,-1.62399995326996,-1.62300002574921,-1.62300002574921,-1.62399995326996,-1.625,0,0,0,0,0,0,0,0,0,0,0,0,0,0,0,0,0,-0.769999980926514,0,0,0,0,0,0,0,0,0,0,0,0,0,0,0,0,0,0,0,0,0,0,0,0,0,0,0,0,-1.45500004291534,0,0,0,0,-1.39400005340576,-1.40499997138977,0,0,0,0,0,0.337000012397766,0.563000023365021,0,0,0,0,0,0,0,0,0,0,0,0,0,0,0,0,0,0,0,0,0,0,0,0,0,0,0,-1.58500003814697,0,0,0,0,0
0,0,0,0,0,0,0,0,0,0,-1.27600002288818,-1.26699995994568,-1.26600003242493,0,-1.24800002574921,0,0,0,0,0,0,-1.29200005531311,-1.28600001335144,-1.27499997615814,0,0,-1.26999998092651,-1.25699996948242,0,0,0,0,-1.30400002002716,-1.29900002479553,0,0,-1.28600001335144,0,0,0,0,0,0,-1.31200003623962,-1.30900001525879,-1.29999995231628,0,0,0,0,0,0,0,0,0,0,-1.30099999904633,-1.30599999427795,-1.2940000295639,0,0,0,0,-1.35899996757507,-1.34899997711182,-1.34500002861023,-1.35300004482269,0,0,0,0,0,-1.39300000667572,-1.39100003242493,-1.39400005340576,-1.39300000667572,-1.432000041008,-1.43400001525879,-1.43799996376038,0,-1.50100004673004,0,0,0,0,0,-1.61899995803833,-1.62000000476837,-1.62100005149841,-1.62300002574921,-1.62300002574921,-1.62399995326996,-1.62300002574921,-1.62000000476837,-1.62100005149841,-1.62000000476837,-1.62199997901917,0,0,-1.62100005149841,-1.62100005149841,0,0,-1.62199997901917,0,-1.62399995326996,-1.62399995326996,-1.62300002574921,-1.62300002574921,-1.62199997901917,-1.62399995326996,-1.62300002574921,-1.62399995326996,-1.62399995326996,-1.62600004673004,-1.62699997425079,-1.62600004673004,-1.62800002098083,-1.63100004196167,0,0,0,0,0,-0.762000024318695,0,0,0,0,0,0,0,0,0,0,0,0,0,0,0,0,0,0,0,0,0,0,0,0,0,0,0,0,-1.44400000572205,-1.45000004768372,0,0,-1.38800001144409,0,-1.39699995517731,-1.40299999713898,0,0,0,0,0.400999993085861,0.246999993920326,-0.206000000238419,0,0,0,0,0,0,0,0,0,0,0,0,0,0,0,0,0,0,0,0,0,0,0,0,0,0,0,-1.58500003814697,-1.58899998664856,0,0,0
0,0,0,0,0,0,0,0,0,0,-1.26800000667572,0,-1.25100004673004,0,-1.23599994182587,0,0,0,0,0,0,-1.28799998760223,-1.27300000190735,-1.27699995040894,0,0,0,0,0,0,0,0,-1.2960000038147,0,0,0,0,0,0,0,0,0,-1.30200004577637,-1.307000041008,-1.30200004577637,0,0,0,0,0,-1.31900000572205,-1.31599998474121,-1.30999994277954,0,-1.29999995231628,-1.29999995231628,-1.29999995231628,0,0,0,0,0,-1.34500002861023,-1.34500002861023,0,-1.34200000762939,0,0,0,0,0,-1.38199996948242,-1.38900005817413,-1.38800001144409,0,-1.42200005054474,-1.4190000295639,0,0,0,0,-1.61600005626678,-1.61800003051758,-1.6139999628067,-1.61500000953674,-1.61800003051758,-1.61899995803833,0,0,0,0,0,0,0,0,0,0,0,0,0,0,0,0,0,0,0,0,0,0,0,0,0,0,0,0,0,0,-1.62699997425079,-1.62600004673004,-1.62999999523163,-1.63100004196167,-1.63199996948242,-1.63300001621246,-0.685999989509583,-0.75900000333786,-0.694999992847443,-0.624000012874603,0,0,0,0,0,0,0,0,0,0,0,0,0,0,0,0,0,0,0,0,0,0,0,0,0,0,-1.57000005245209,-1.442999958992,-1.43799996376038,0,0,0,-1.38399994373322,-1.38300001621246,0,0,0,0,0.105999998748302,0.187000006437302,0.558000028133392,0,0,0,0,0,0,0,0,0,0,0,0,0,0,0,0,0,0,0,0,0,0,0,0,0,0,0,0,-1.5900000333786,-1.5900000333786,-1.59399998188019,0
0,0,0,0,0,0,0,0,0,0,-1.25699996948242,0,0,0,-1.23300004005432,0,0,0,0,-1.28699994087219,-1.28400003910065,-1.27799999713898,0,-1.25999999046326,0,0,0,0,0,0,0,-1.29200005531311,-1.28999996185303,0,0,0,0,0,-1.31700003147125,0,-1.30200004577637,-1.30599999427795,-1.30099999904633,-1.29799997806549,0,0,0,0,0,-1.31900000572205,-1.30799996852875,-1.31299996376038,0,-1.30200004577637,-1.29499995708466,-1.28600001335144,0,0,0,0,-1.34599995613098,-1.33399999141693,-1.33200001716614,0,0,0,0,0,0,0,0,-1.375,-1.37699997425079,0,-1.4099999666214,-1.4099999666214,0,0,0,-1.47699999809265,-1.48099994659424,-1.60099995136261,0,0,0,0,0,0,0,0,0,0,0,0,0,0,0,0,0,0,0,0,0,0,0,0,0,0,0,0,0,0,0,0,0,0,0,0,0,0,0,0,0,0,-0.746999979019165,-0.745000004768372,-1.63300001621246,0,0,0,-0.620999991893768,0,0,0,0,0,0,0,0,0,0,0,0,0,0,0,0,0,0,0,0,0,-1.49800002574921,0,0,-1.42700004577637,-1.43299996852875,0,0,0,0,-1.37800002098083,0,-1.39199995994568,0,0.33500000834465,0.495999991893768,0,0,0,0,0,0,0,0,0,0,0,0,0,0,0,0,0,0,0,0,0,0,0,0,0,0,0,0,0,0,-1.58700001239777,-1.59200000762939,-1.59500002861023
0,0,0,0,0,0,0,0,-1.26300001144409,-1.25600004196167,-1.25,0,-1.24300003051758,0,0,0,0,0,-1.28699994087219,-1.2849999666214,-1.27600002288818,-1.27100002765656,0,0,0,0,0,0,0,0,0,-1.28100001811981,0,0,0,0,0,-1.24899995326996,-1.30799996852875,-1.30900001525879,-1.2960000038147,0,0,0,0,-1.32400000095367,-1.32200002670288,-1.31500005722046,-1.30900001525879,-1.30599999427795,-1.307000041008,0,0,0,0,0,0,-1.34099996089935,-1.33399999141693,-1.33399999141693,-1.33500003814697,-1.32599997520447,0,0,0,0,0,0,0,0,-1.36199998855591,-1.37000000476837,0,-1.39900004863739,-1.40499997138977,0,0,0,0,-1.46000003814697,0,0,0,0,0,0,0,0,0,0,0,0,0,0,0,0,0,0,0,0,0,0,0,0,0,0,0,0,0,0,0,0,0,0,0,0,0,0,0,0,0,0,0,0,-0.935999989509583,0,0,0,0,0,0,0,0,0,0,0,0,0,0,0,0,0,0,0,0,0,0,0,0,0,0,0,-1.5349999666214,-1.48800003528595,-1.4889999628067,0,-1.432000041008,-1.43499994277954,-1.43799996376038,-1.44000005722046,-1.45200002193451,0,0,-1.39100003242493,-1.39900004863739,0.398999989032745,0.552999973297119,0,0,0,0,0,0,0,0,0,0,0,0,0,0,0,0,0,0,0,0,0,-1.57299995422363,-1.57299995422363,0,0,0,0,0,0,0,0,0,-1.59200000762939
0,0,0,0,0,0,-1.26699995994568,0,-1.25800001621246,0,-1.24800002574921,0,0,0,0,0,0,-1.28400003910065,-1.27799999713898,-1.27400004863739,0,0,0,0,0,0,0,0,-1.29499995708466,-1.28100001811981,-1.27600002288818,-1.27300000190735,0,-1.3289999961853,-1.3289999961853,-1.31299996376038,0,-1.30099999904633,-1.29999995231628,0,0,0,0,0,0,-1.31500005722046,-1.31700003147125,-1.30499994754791,0,0,0,0,0,0,0,0,-1.33599996566772,-1.33200001716614,0,0,0,0,0,0,0,0,-1.36300003528595,-1.35699999332428,0,0,-1.35000002384186,-1.35399997234344,-1.38999998569489,-1.39499998092651,0,0,0,-1.44900000095367,-1.44700002670288,0,0,-1.57500004768372,0,0,0,0,0,0,0,0,0,0,0,0,0,0,0,0,0,0,0,0,0,0,0,0,0,0,0,0,0,0,0,0,0,0,0,0,0,0,0,0,0,0,-0.861999988555908,0,-0.414000004529953,0,0,0,0,0,0,0,0,0,0,0,0,0,0,0,0,0,0,0,0,0,0,0,0,0,-1.52199995517731,0,-1.47899997234344,0,-1.4210000038147,0,-1.42799997329712,-1.43499994277954,-1.36099994182587,-1.36300003528595,0,-1.37899994850159,-1.38499999046326,0.331999987363815,0.333000004291534,-0.573000013828278,0,0,0,0,0,0,0,0,0,0,0,0,0,0,0,0,0,0,0,0,0,-1.57299995422363,-1.57299995422363,0,0,0,0,0,0,0,0,0
0,0,0,0,0,0,0,-1.25600004196167,0,-1.24500000476837,0,0,0,0,0,0,0,-1.27100002765656,-1.27300000190735,0,0,0,0,0,0,-1.30299997329712,0,0,0,-1.27499997615814,0,0,-1.32200002670288,-1.32299995422363,-1.31700003147125,0,-1.30200004577637,-1.30099999904633,0,0,0,0,0,0,-1.30799996852875,-1.31400001049042,0,0,0,0,0,0,0,0,0,-1.32700002193451,-1.32799994945526,0,0,0,0,0,0,0,-1.35899996757507,-1.35599994659424,0,-1.35399997234344,-1.34599995613098,-1.34200000762939,-1.38900005817413,-1.37800002098083,-1.38399994373322,0,0,0,-1.43799996376038,-1.44599997997284,0,0,0,0,0,0,0,0,0,0,0,0,0,0,0,-1.63300001621246,-1.63199996948242,-1.63199996948242,-1.63199996948242,-1.62899994850159,-1.63300001621246,-1.63100004196167,-1.63199996948242,-1.62999999523163,-1.63100004196167,-1.63199996948242,-1.63100004196167,-1.63199996948242,-1.63199996948242,-1.63300001621246,0,0,0,0,0,0,0,0,0,0,0,0,0,0,0,0,-0.851999998092651,0,0,0,0,0,0,0,0,0,0,0,0,0,0,0,0,0,0,0,0,0,0,0,0,0,0,0,-1.50999999046326,-1.46399998664856,-1.47599995136261,-1.47000002861023,0,0,0,0,-1.43099999427795,0,-1.36199998855591,0,-1.37199997901917,0.108999997377396,0.488999992609024,-0.351999998092651,0,0,0,0,0,0,0,0,0,0,0,0,0,0,0,0,0,0,0,0,0,0,-1.57500004768372,-1.57599997520447,0,0,0,0,0,0,0,0
0,0,-1.28100001811981,-1.27400004863739,-1.26900005340576,-1.25899994373322,-1.2610000371933,-1.25100004673004,0,-1.24000000953674,0,0,0,0,0,-1.27499997615814,-1.27499997615814,-1.27499997615814,0,0,0,0,0,0,-1.30099999904633,-1.29299998283386,-1.28799998760223,-1.27900004386902,-1.27499997615814,0,0,0,-1.31599998474121,0,0,0,0,-1.29100000858307,0,0,0,0,-1.31299996376038,-1.30799996852875,-1.30299997329712,0,0,0,0,0,0,0,0,0,-1.32700002193451,-1.31299996376038,0,0,0,0,0,0,0,0,-1.34500002861023,0,-1.34500002861023,-1.33599996566772,0,0,-1.37800002098083,0,0,0,0,-1.42299997806549,-1.43400001525879,0,0,0,0,-1.54999995231628,0,0,0,-1.62899994850159,-1.62699997425079,-1.62699997425079,-1.62800002098083,-1.62899994850159,-1.62999999523163,-1.63199996948242,-1.63100004196167,-1.63100004196167,-1.63100004196167,-1.62899994850159,-1.62899994850159,0,0,0,0,0,0,0,0,0,0,-1.63199996948242,-1.63199996948242,-1.62999999523163,-1.63100004196167,-1.63199996948242,-1.63300001621246,-1.62999999523163,-1.63199996948242,-1.6360000371933,-1.63399994373322,-1.6360000371933,0,0,0,0,0,0,-1.10899996757507,0,0,0,0,0,0,0,0,0,0,0,0,0,0,0,0,0,0,0,0,0,0,0,0,0,0,-1.57299995422363,0,-1.50199997425079,-1.50300002098083,-1.46399998664856,-1.46899998188019,0,-1.4889999628067,0,-1.41199994087219,-1.41999995708466,0,0,-1.30299997329712,0.034000001847744,0.488000005483627,0,0,0,0,0,0,0,0,0,0,0,0,0,0,0,0,0,0,0,0,0,0,0,0,0,-1.57799994945526,-1.58000004291534,0,0,0,0,0,0
-1.28799998760223,-1.28100001811981,-1.27900004386902,0,0,0,0,0,0,0,0,0,0,0,0,-1.26999998092651,-1.26999998092651,-1.26499998569489,0,0,0,0,0,0,-1.29200005531311,-1.28799998760223,0,0,0,-1.25600004196167,0,-1.31099998950958,-1.31400001049042,0,0,0,0,0,0,0,-1.31400001049042,0,-1.29999995231628,0,0,0,0,0,0,0,-1.3289999961853,-1.33500003814697,-1.317999958992,-1.31599998474121,-1.32000005245209,0,0,0,0,0,0,0,-1.34700000286102,-1.34500002861023,0,0,0,-1.3309999704361,0,0,-1.35800004005432,0,0,0,-1.41199994087219,0,0,0,0,0,0,-1.52699995040894,-1.62999999523163,-1.62399995326996,-1.62300002574921,-1.62600004673004,-1.62699997425079,0,0,0,0,0,0,0,0,0,0,0,0,0,0,0,0,0,0,0,0,0,0,0,0,0,0,0,0,0,0,-1.63300001621246,-1.63399994373322,-1.63499999046326,-1.63699996471405,-1.63999998569489,-1.64199995994568,-1.64300000667572,-0.896000027656555,0,0,0,0,0,0,0,0,0,0,0,0,0,0,0,0,0,0,0,0,0,0,0,0,0,0,-1.557000041008,-1.56099998950958,0,-1.49699997901917,0,-1.46700000762939,-1.46300005912781,-1.46700000762939,0,-1.40799999237061,-1.41799998283386,0,0,0,0.0350000001490116,0.187999993562698,0,0,0,0,0,0,0,0,0,0,0,0,0,0,0,0,0,0,0,0,0,0,0,0,0,0,-1.58299994468689,-1.58299994468689,0,0,0,0,0
-1.28600001335144,0,0,0,0,-1.24399995803833,0,0,0,0,0,-1.28999996185303,-1.28299999237061,0,-1.26699995994568,-1.26699995994568,0,0,0,0,-1.307000041008,-1.29799997806549,-1.29100000858307,-1.2849999666214,-1.2849999666214,0,0,-1.26199996471405,0,0,-1.30299997329712,-1.30299997329712,0,0,0,0,0,0,0,-1.31200003623962,-1.30299997329712,0,-1.28999996185303,0,0,0,-1.34399998188019,-1.3400000333786,-1.33299994468689,-1.32599997520447,-1.32299995422363,0,0,0,0,0,0,0,0,-1.34200000762939,-1.33599996566772,-1.33700001239777,-1.34200000762939,0,-1.36800003051758,0,-1.35800004005432,-1.35599994659424,-1.35099995136261,-1.34300005435944,-1.34899997711182,0,0,-1.40299999713898,-1.40199995040894,0,0,0,0,0,-1.51199996471405,-1.52100002765656,0,0,0,0,0,0,0,0,0,0,0,0,0,0,0,0,0,0,0,0,0,0,0,0,0,0,0,0,0,0,0,0,0,0,0,0,0,0,0,0,0,0,-0.819999992847443,-1.63999998569489,-1.64199995994568,0,0,0,0,0,0,0,0,0,0,0,0,0,0,0,0,0,0,0,0,0,0,0,0,0,-1.557000041008,-1.55099999904633,-1.48599994182587,-1.48800003528595,0,0,-1.46300005912781,-1.46300005912781,0,-1.39999997615814,0,-1.41299998760223,0,0.109999999403954,0.330000013113022,-0.186000004410744,0,0,0,0,0,0,0,0,0,0,0,0,0,0,0,0,-1.58700001239777,-1.58800005912781,0,0,0,0,0,0,0,0,0,-1.58399999141693,-1.58599996566772,0,0,0
-1.27400004863739,0,0,0,0,0,0,0,0,0,-1.2960000038147,-1.28199994564056,0,-1.26800000667572,-1.26699995994568,0,0,0,0,0,-1.2960000038147,-1.29299998283386,0,0,0,0,0,0,0,-1.29999995231628,0,0,0,0,0,0,0,0,0,-1.29900002479553,0,-1.28900003433228,0,0,0,-1.33599996566772,-1.33399999141693,-1.32799994945526,-1.32400000095367,0,0,0,0,0,0,0,0,0,-1.33599996566772,-1.33200001716614,0,0,-1.36500000953674,-1.36699998378754,-1.36000001430511,-1.34599995613098,-1.35399997234344,-1.34500002861023,-1.34300005435944,-1.34099996089935,0,0,-1.39499998092651,-1.40299999713898,0,0,0,0,0,0,-1.49600005149841,0,0,0,0,0,0,0,0,0,0,0,0,0,0,0,0,0,0,0,0,0,0,0,0,0,0,0,0,0,0,0,0,0,0,0,0,0,0,0,0,0,0,0,-0.816999971866608,-0.565999984741211,-0.560000002384186,0,-0.637000024318695,-0.638000011444092,-0.640999972820282,0,0,0,0,0,0,0,0,0,0,0,0,0,0,0,0,0,-1.65299999713898,-1.65699994564056,0,0,0,-1.54100000858307,0,-1.48000001907349,0,-1.49000000953674,-1.44000005722046,-1.45799994468689,-1.4559999704361,-1.39400005340576,-1.39600002765656,-1.39999997615814,-1.40600001811981,0.0370000004768372,0.328999996185303,0,0,0,0,0,0,0,0,0,0,0,0,-0.825999975204468,-0.367000013589859,0,0,0,0,0,-1.58800005912781,0,0,0,0,0,0,0,0,0,-1.58599996566772,-1.58800005912781,0,0
-1.26699995994568,0,0,0,0,0,0,0,0,-1.28699994087219,-1.2849999666214,0,0,-1.26400005817413,0,0,0,0,0,0,-1.29299998283386,-1.27999997138977,0,0,0,0,0,-1.307000041008,-1.30499994754791,-1.30099999904633,-1.29299998283386,-1.28799998760223,0,0,0,0,0,0,-1.29799997806549,-1.29100000858307,0,0,0,0,-1.33000004291534,-1.33200001716614,0,-1.32299995422363,0,0,0,0,0,0,-1.34200000762939,0,-1.33299994468689,-1.32799994945526,-1.32200002670288,-1.32700002193451,0,0,-1.35699999332428,-1.34700000286102,0,0,0,0,0,0,0,-1.38300001621246,0,-1.37999999523163,0,0,0,0,0,-1.48699998855591,0,-1.58800005912781,0,0,0,0,0,0,0,0,0,-1.63900005817413,0,-1.6360000371933,-1.6360000371933,-1.63499999046326,-1.63499999046326,-1.63300001621246,-1.63399994373322,-1.63499999046326,-1.63399994373322,-1.63399994373322,-1.63399994373322,-1.63300001621246,-1.63499999046326,-1.63699996471405,-1.6360000371933,-1.63699996471405,0,0,0,0,0,0,0,0,0,0,0,0,0,0,0,0,-1.10800004005432,0,-0.560000002384186,0,0,-0.259999990463257,0,0,0,0,0,0,0,0,-0.533999979496002,0,0,0,0,0,0,0,0,0,0,-1.63900005817413,0,0,0,-1.53799998760223,0,-1.46700000762939,-1.47399997711182,-1.47500002384186,-1.48800003528595,0,-1.44700002670288,0,0,0,-1.39600002765656,0.0390000008046627,0.388999998569489,0,0,0,0,0,0,0,0,0,0,0,0,0,0,0,0,0,0,0,0,0,0,0,0,0,0,0,0,0,0,-1.58899998664856,-1.59200000762939,0
0,0,0,0,0,0,0,0,0,-1.28100001811981,0,0,0,0,0,0,0,-1.29999995231628,-1.29299998283386,-1.28900003433228,-1.28299999237061,0,0,0,0,0,0,-1.30200004577637,0,-1.28699994087219,0,0,0,-1.31700003147125,0,0,0,-1.28900003433228,-1.28600001335144,-1.28400003910065,0,0,0,0,-1.31900000572205,-1.32500004768372,0,0,0,0,0,0,0,0,-1.33700001239777,-1.3309999704361,-1.32700002193451,-1.32500004768372,0,0,-1.34899997711182,0,-1.33899998664856,0,0,0,0,0,0,0,-1.37100005149841,-1.37699997425079,-1.375,0,0,0,0,0,0,-1.47000002861023,0,-1.56299996376038,-1.64300000667572,-1.63900005817413,0,-1.63499999046326,-1.63199996948242,-1.63300001621246,-1.63399994373322,-1.63499999046326,-1.63499999046326,-1.63399994373322,-1.6360000371933,-1.63499999046326,0,0,-1.63199996948242,-1.63199996948242,0,0,0,0,0,0,0,0,0,-1.63499999046326,-1.63499999046326,-1.63499999046326,-1.6360000371933,-1.6360000371933,-1.6360000371933,-1.63699996471405,-1.63900005817413,-1.63800001144409,-1.64100003242493,0,0,0,0,0,0,0,-1.09599995613098,0,-0.377000004053116,-0.312000006437302,0,-0.254000008106232,-0.252999991178513,0,0,0,0,0,0,0,0,0,0,0,0,0,0,0,0,0,0,-1.62800002098083,-1.62800002098083,0,0,-1.52300000190735,-1.51999998092651,0,0,0,0,-1.48099994659424,-1.43400001525879,0,0,0,-1.38699996471405,0.0399999991059303,-0.0439999997615814,0,0,0,0,0,0,0,0,-1.17499995231628,0,-0.72299998998642,-0.509999990463257,0,0,0,0,0,0,0,0,0,-1.59599995613098,-1.59300005435944,0,0,0,0,0,0,0,0,0,-1.59200000762939
0,0,0,0,0,0,0,0,0,-1.27199995517731,0,0,0,0,0,0,-1.29700005054474,-1.29200005531311,-1.28900003433228,0,0,0,0,-1.31700003147125,-1.31599998474121,0,-1.2940000295639,-1.28900003433228,-1.29200005531311,0,0,0,-1.31099998950958,-1.31400001049042,0,-1.2960000038147,-1.28900003433228,-1.28600001335144,0,0,0,0,-1.32299995422363,-1.317999958992,-1.31299996376038,0,0,0,0,0,-1.34300005435944,0,0,-1.32700002193451,-1.32500004768372,0,0,0,-1.34300005435944,-1.34599995613098,-1.33500003814697,-1.33299994468689,0,0,0,-1.37899994850159,-1.37600004673004,-1.37600004673004,-1.37000000476837,-1.36800003051758,-1.36899995803833,0,0,0,0,0,0,0,0,-1.45799994468689,0,-1.63100004196167,-1.6360000371933,-1.63100004196167,-1.62999999523163,-1.62999999523163,0,0,0,0,0,0,0,0,0,0,0,0,0,0,0,0,0,0,0,0,0,0,0,0,0,0,0,0,0,0,-1.63800001144409,-1.63699996471405,-1.63900005817413,-1.64100003242493,-1.63999998569489,-1.64100003242493,-1.64600002765656,-1.64499998092651,-1.08399999141693,0,0,0,0,0,-0.252000004053116,-0.25,0,0,0,-0.256999999284744,0,0,0,0,0,0,0,0,0,0,0,0,0,0,-1.62399995326996,-1.62100005149841,0,0,-1.51999998092651,0,0,0,0,-1.46599996089935,-1.43299996852875,-1.43099999427795,0,0,-1.38399994373322,0.0399999991059303,0.32600000500679,0,0,0,-0.832000017166138,-0.833999991416931,-1.28900003433228,-1.14900004863739,-1.15799999237061,-1.01400005817413,-0.939999997615814,-0.652999997138977,-0.354000002145767,-0.354999989271164,0,0,0,0,0,0,0,0,0,0,-1.59500002861023,-1.59800004959106,0,0,0,0,0,0,0,0
-1.25,0,0,0,0,0,0,0,-1.26999998092651,-1.26999998092651,0,0,0,0,0,0,-1.29200005531311,0,0,0,0,0,0,-1.31200003623962,0,0,-1.28900003433228,0,0,0,0,0,-1.30400002002716,0,0,0,-1.27400004863739,0,0,0,0,0,-1.317999958992,0,0,0,0,0,-1.34700000286102,-1.3400000333786,-1.34500002861023,-1.33399999141693,-1.32299995422363,-1.32000005245209,0,-1.31500005722046,-1.34099996089935,-1.33599996566772,-1.33899998664856,0,0,0,0,-1.37399995326996,-1.37000000476837,-1.36899995803833,-1.36800003051758,-1.36699998378754,0,0,0,0,0,0,0,0,0,0,-1.44900000095367,0,0,-1.53699994087219,0,0,0,0,0,0,0,0,0,0,0,0,0,0,0,0,0,0,0,0,0,0,0,0,0,0,0,0,0,0,0,0,0,0,0,0,0,0,0,0,0,-1.64499998092651,-1.13800001144409,-1.63900005817413,0,0,0,0,0,-0.248999997973442,-0.248999997973442,-0.248999997973442,-0.250999987125397,-0.254000008106232,0,0,0,0,0,0,0,0,0,0,0,0,0,0,0,-1.60599994659424,0,0,-1.50100004673004,-1.50600004196167,0,0,0,0,-1.4650000333786,-1.42299997806549,-1.42900002002716,-1.43400001525879,-1.43900001049042,0.244000002741814,0.32600000500679,0,0,-1.11699998378754,-0.898999989032745,-0.764999985694885,-0.980000019073486,-1.35599994659424,-1.30299997329712,-1.00699996948242,-1.01199996471405,-1.01400005817413,-0.657999992370605,0,-1.5809999704361,-1.58800005912781,0,0,0,0,0,0,0,0,0,-1.59599995613098,-1.59800004959106,0,0,0,0,0,0,0
0,0,0,0,0,0,-1.27999997138977,-1.27199995517731,-1.27100002765656,-1.26199996471405,0,0,0,0,0,0,-1.28400003910065,0,0,0,0,0,-1.307000041008,-1.30400002002716,0,0,0,-1.27900004386902,0,0,0,0,-1.29700005054474,0,0,0,0,0,0,0,0,-1.307000041008,-1.30400002002716,0,0,0,-1.34599995613098,-1.34200000762939,-1.34399998188019,-1.33500003814697,-1.32299995422363,-1.32000005245209,0,0,0,-1.33399999141693,-1.33800005912781,0,0,0,0,0,-1.36899995803833,-1.37100005149841,-1.36199998855591,0,0,0,0,0,0,0,0,0,0,0,0,-1.42599999904633,-1.42700004577637,0,-1.51499998569489,-1.51300001144409,0,0,0,0,0,0,0,0,0,-1.63800001144409,-1.63699996471405,-1.63699996471405,-1.6360000371933,-1.63800001144409,-1.63699996471405,-1.6360000371933,-1.63800001144409,-1.63800001144409,-1.63999998569489,-1.63800001144409,-1.63800001144409,-1.63800001144409,-1.63900005817413,-1.63999998569489,-1.63999998569489,-1.63999998569489,-1.63900005817413,-1.63999998569489,-1.64199995994568,0,0,0,0,0,0,0,0,0,0,0,0,0,-1.12399995326996,0,0,0,0,-1.64300000667572,-1.64400005340576,0,0,0,0,0,0,0,0,0,0,0,0,0,0,-1.66100001335144,-1.6599999666214,0,0,0,0,-1.59599995613098,0,0,-1.49000000953674,-1.49500000476837,-1.49300003051758,-1.51400005817413,-1.51699995994568,-1.52400004863739,-1.45299994945526,0,-1.41299998760223,-1.42999994754791,-1.432000041008,0.0430000014603138,0.324999988079071,0,0,-1.1139999628067,-0.970000028610229,-1.12699997425079,0,0,0,0,0,0,0,0,0,-1.58000004291534,-1.58299994468689,0,0,0,0,0,0,0,0,0,-1.5900000333786,-1.59500002861023,0,0,0,0,0,0
0,0,0,0,0,0,-1.27300000190735,0,0,0,0,0,0,0,0,-1.28100001811981,-1.27900004386902,0,0,0,-1.31099998950958,-1.30200004577637,-1.29799997806549,0,0,0,0,0,0,0,0,-1.29299998283386,-1.29299998283386,0,0,0,0,0,0,-1.31200003623962,-1.30200004577637,-1.29999995231628,-1.29799997806549,0,0,0,0,-1.33800005912781,0,0,0,0,0,0,-1.33000004291534,-1.32799994945526,0,0,0,0,-1.36199998855591,0,-1.35699999332428,0,0,0,0,0,0,0,0,0,0,0,0,0,-1.42200005054474,-1.41700005531311,0,0,0,0,0,0,0,0,-1.63199996948242,-1.63199996948242,-1.63399994373322,-1.63499999046326,-1.63499999046326,-1.63699996471405,-1.63499999046326,0,0,0,0,0,0,0,0,0,0,0,0,0,0,0,0,0,-1.63900005817413,-1.63900005817413,-1.63999998569489,-1.64199995994568,-1.64199995994568,-1.64300000667572,-1.64499998092651,-1.64499998092651,0,0,0,0,0,0,-0.819000005722046,-1.11500000953674,0,0,0,-1.63999998569489,-1.63999998569489,-1.63999998569489,-1.64400005340576,-1.64600002765656,0,0,0,0,0,0,0,0,0,0,-1.63199996948242,0,-1.6599999666214,-1.6599999666214,-1.66400003433228,-1.66799998283386,-1.67299997806549,0,0,0,0,0,-1.4889999628067,-1.5,0,-1.51499998569489,-1.39199995994568,-1.39400005340576,-1.44900000095367,0,-1.34399998188019,0.243000000715256,0.324000000953674,0,-0.739000022411346,-1.10300004482269,-1.10599994659424,0,0,0,0,-1.57200002670288,0,0,0,0,0,0,-1.58299994468689,-1.58299994468689,0,0,0,0,0,0,0,0,0,-1.59599995613098,-1.59800004959106,0,0,0,0,0
0,0,0,0,-1.27999997138977,-1.27600002288818,-1.26199996471405,0,-1.25300002098083,0,0,0,0,0,-1.28199994564056,-1.27600002288818,-1.26699995994568,0,0,-1.31500005722046,-1.30799996852875,-1.30200004577637,0,0,0,0,0,-1.25800001621246,0,-1.29200005531311,-1.29299998283386,-1.28199994564056,0,0,-1.33800005912781,-1.33399999141693,0,0,-1.30299997329712,-1.30499994754791,0,-1.2960000038147,0,0,0,0,0,-1.32200002670288,0,-1.34500002861023,-1.33899998664856,-1.34300005435944,0,0,-1.31599998474121,0,0,0,0,-1.35899996757507,-1.34899997711182,-1.35099995136261,-1.34399998188019,0,0,0,0,0,0,0,0,0,0,0,0,-1.40499997138977,-1.40299999713898,0,0,0,-1.48000001907349,-1.57400000095367,-1.62600004673004,-1.62699997425079,-1.62699997425079,-1.62999999523163,0,0,0,0,0,0,0,0,0,0,0,0,0,0,0,0,0,0,0,0,0,0,0,0,0,0,0,0,0,0,0,-1.64199995994568,-1.64199995994568,-1.64300000667572,-1.64400005340576,-1.64800000190735,-1.64999997615814,-1.65400004386902,-1.10000002384186,-0.574999988079071,-0.400999993085861,0,-0.231000006198883,0,0,0,0,-1.64600002765656,-1.64800000190735,-1.64999997615814,-1.64999997615814,0,0,0,0,0,0,0,0,0,0,0,0,0,-1.56500005722046,-1.56500005722046,0,0,0,0,0,0,0,0,-1.43499994277954,-1.432000041008,0,-1.40400004386902,-1.3289999961853,0.243000000715256,0.323000013828278,0,-0.728999972343445,0,0,0,0,0,0,0,0,0,-1.58500003814697,0,0,0,0,-1.58299994468689,-1.58200001716614,0,0,0,0,0,0,0,0,0,-1.59899997711182,-1.60000002384186,-1.60399997234344,0,0,0
0,0,0,0,-1.27199995517731,0,0,0,0,0,0,0,0,0,-1.27199995517731,-1.27499997615814,0,0,-1.31200003623962,-1.30900001525879,-1.30499994754791,0,0,0,0,0,0,-1.30099999904633,0,-1.28299999237061,-1.28299999237061,0,-1.34300005435944,-1.33700001239777,0,-1.32000005245209,-1.30900001525879,-1.307000041008,-1.29999995231628,0,0,0,0,0,-1.32099997997284,-1.31599998474121,-1.31400001049042,-1.30299997329712,-1.34200000762939,-1.33500003814697,-1.3400000333786,-1.32400000095367,-1.32099997997284,-1.31299996376038,-1.31500005722046,0,0,-1.36000001430511,-1.34700000286102,-1.35300004482269,-1.34700000286102,-1.33800005912781,-1.33500003814697,0,0,0,0,0,0,0,0,0,0,0,-1.39499998092651,-1.40100002288818,0,0,0,-1.47000002861023,0,-1.54900002479553,-1.61300003528595,0,0,0,0,0,0,0,0,0,0,0,0,0,0,0,0,0,0,0,0,0,0,0,0,0,0,0,0,0,0,0,0,0,0,0,0,0,0,0,0,0,-1.16299998760223,0,-0.504000008106232,-0.344999998807907,-0.225999996066093,0,0,0,0,0,0,0,0,-1.65199995040894,-1.65400004386902,-1.65100002288818,0,0,0,0,0,0,0,0,0,0,0,-1.55999994277954,-1.56099998950958,0,0,0,0,0,0,-1.48699998855591,-1.49100005626678,-1.42400002479553,-1.43599998950958,-1.43400001525879,-1.40299999713898,0.243000000715256,0.321999996900558,-1.26600003242493,-1.07500004768372,0,0,0,0,0,0,0,0,0,0,-1.58299994468689,-1.58599996566772,0,0,0,-1.58500003814697,-1.58399999141693,-1.58500003814697,0,0,0,0,0,0,0,0,0,-1.60300004482269,-1.60599994659424,0,0
0,0,-1.28299999237061,-1.27600002288818,-1.27199995517731,-1.2610000371933,0,0,0,0,0,-1.28999996185303,-1.27799999713898,-1.27699995040894,-1.26400005817413,0,0,-1.31099998950958,-1.30799996852875,0,0,0,0,0,-1.31500005722046,-1.31099998950958,-1.30299997329712,-1.30200004577637,-1.27799999713898,-1.27699995040894,0,0,-1.33800005912781,-1.33500003814697,-1.32099997997284,-1.31099998950958,0,0,0,0,0,0,0,0,-1.31400001049042,0,0,-1.33599996566772,-1.33500003814697,0,0,0,0,0,0,0,0,-1.34500002861023,-1.34200000762939,0,0,0,0,0,0,0,0,0,0,0,0,0,-1.3860000371933,-1.38399994373322,-1.38100004196167,0,0,0,-1.45000004768372,-1.45799994468689,0,-1.52699995040894,0,0,0,0,0,0,0,0,-1.64900004863739,-1.64600002765656,-1.64600002765656,-1.64800000190735,-1.64600002765656,-1.64199995994568,-1.64199995994568,-1.64199995994568,-1.64100003242493,-1.64300000667572,-1.64499998092651,-1.64400005340576,-1.64300000667572,-1.64400005340576,-1.64300000667572,-1.64699995517731,-1.65100002288818,-1.65100002288818,-1.64900004863739,-1.64900004863739,-1.65499997138977,0,-1.65400004386902,0,0,0,0,0,0,0,0,0,0,0,-0.790000021457672,-1.24800002574921,-0.499000012874603,-0.386000007390976,-0.27700001001358,-1.64499998092651,0,0,0,0,0,0,0,0,-0.531000018119812,0,0,0,-1.65900003910065,-1.66199994087219,0,0,0,0,0,0,0,-1.64300000667572,-1.55999994277954,-1.55200004577637,0,0,-1.44500005245209,-1.4559999704361,0,0,-1.49000000953674,0,-1.41700005531311,0,0,0.241999998688698,0.321999996900558,-1.12899994850159,0,0,0,0,0,0,0,0,0,0,0,0,-1.58299994468689,-1.58700001239777,0,0,0,0,-1.58599996566772,0,0,0,0,0,0,0,0,0,0,0,0,0
0,-1.28600001335144,-1.27300000190735,-1.27199995517731,0,0,0,0,0,0,0,-1.2849999666214,0,0,0,0,-1.30599999427795,-1.29999995231628,0,0,0,0,0,-1.31099998950958,-1.30499994754791,0,0,0,0,-1.27199995517731,0,-1.32599997520447,-1.33000004291534,0,0,0,0,0,0,0,0,0,-1.31400001049042,-1.30900001525879,-1.30299997329712,0,-1.3309999704361,-1.33200001716614,-1.32099997997284,0,0,0,0,0,0,0,-1.33700001239777,-1.3400000333786,0,0,0,0,0,0,0,0,0,0,0,0,0,-1.38699996471405,-1.38499999046326,-1.37000000476837,-1.37000000476837,0,0,0,-1.43799996376038,0,-1.50999999046326,-1.58000004291534,0,0,0,0,-1.63800001144409,-1.6360000371933,-1.63800001144409,-1.64400005340576,-1.64600002765656,0,0,0,0,0,0,0,0,0,0,0,0,0,0,0,0,0,0,-1.64699995517731,-1.64600002765656,-1.64699995517731,-1.64800000190735,-1.64600002765656,-1.64699995517731,-1.64900004863739,-1.64900004863739,-1.65199995040894,0,0,0,0,0,0,-1.06599998474121,-0.60699999332428,-0.449999988079071,-0.333000004291534,0,0,-1.64600002765656,-1.64800000190735,-1.64999997615814,-1.65299999713898,0,0,-0.28600001335144,-0.287999987602234,-1.54100000858307,-1.53799998760223,0,0,0,-1.6599999666214,-1.6599999666214,0,0,0,0,0,0,-1.62600004673004,0,-1.54700005054474,0,0,0,0,0,0,-1.46200001239777,0,0,-1.3639999628067,-1.37699997425079,0.241999998688698,0.321000009775162,0,0,0,0,0,0,0,0,0,0,0,0,0,0,-1.58700001239777,-1.58700001239777,0,0,0,0,-1.58399999141693,-1.58899998664856,0,0,0,0,0,0,0,0,0,0,0
0,-1.27799999713898,-1.26199996471405,0,0,0,0,0,0,0,-1.27799999713898,-1.27300000190735,0,0,0,0,-1.29999995231628,0,0,0,0,0,0,-1.30499994754791,0,0,0,0,0,0,0,-1.32299995422363,0,0,0,0,0,0,0,0,-1.31700003147125,-1.31500005722046,-1.30400002002716,-1.29799997806549,0,-1.32799994945526,-1.32599997520447,0,0,0,0,0,-1.35199999809265,0,-1.33599996566772,-1.33299994468689,-1.3289999961853,0,0,0,0,0,0,0,0,0,0,0,0,-1.36800003051758,-1.36899995803833,-1.36500000953674,0,0,0,0,-1.42900002002716,-1.42999994754791,0,0,-1.49899995326996,0,-1.63300001621246,-1.6360000371933,-1.63399994373322,-1.6360000371933,-1.6360000371933,0,0,0,0,0,0,0,0,0,0,0,0,0,0,0,0,0,0,0,0,0,0,0,0,0,0,0,0,0,0,-1.64699995517731,-1.64999997615814,-1.64900004863739,-1.65499997138977,-1.65400004386902,-1.65499997138977,-1.65699994564056,-1.04900002479553,-1.23199999332428,0,0,0,0,0,0,0,-1.65100002288818,-1.65199995040894,-0.279000014066696,-0.280000001192093,-1.50699996948242,-0.513999998569489,-1.51800000667572,-1.6139999628067,-1.62999999523163,0,0,0,-1.65799999237061,-1.65799999237061,0,0,0,0,-1.61000001430511,0,-1.52900004386902,0,0,0,0,0,0,-1.4539999961853,-1.38900005817413,-1.38800001144409,-1.36000001430511,0,0.241999998688698,0.377000004053116,-0.0879999995231628,0,0,0,0,0,0,0,0,0,0,0,0,0,0,0,-1.5900000333786,-1.59099996089935,0,0,0,-1.59099996089935,-1.59099996089935,0,0,0,0,0,0,0,0,0,0
0,0,0,0,0,0,0,0,0,-1.27900004386902,-1.27900004386902,0,0,0,0,-1.29799997806549,-1.29200005531311,0,0,0,-1.32000005245209,-1.30999994277954,-1.307000041008,-1.30200004577637,0,0,0,0,0,-1.32700002193451,-1.32000005245209,-1.30799996852875,0,0,0,0,0,-1.3309999704361,-1.32799994945526,-1.31900000572205,-1.30799996852875,-1.31200003623962,-1.33399999141693,-1.33000004291534,-1.32500004768372,-1.32400000095367,0,0,0,0,-1.35500001907349,-1.34399998188019,-1.34099996089935,-1.33200001716614,-1.3289999961853,0,0,0,0,0,0,0,0,0,0,0,-1.37300002574921,-1.37199997901917,-1.36500000953674,-1.35699999332428,0,0,0,0,0,-1.41700005531311,-1.41999995708466,-1.42499995231628,0,-1.49199998378754,0,-1.55400002002716,-1.62600004673004,0,0,0,0,0,0,0,0,0,0,0,0,0,0,0,0,0,0,0,0,0,0,0,0,0,0,0,0,0,0,0,0,0,0,0,0,0,0,0,0,-1.65499997138977,-1.03600001335144,-1.57000005245209,-1.51199996471405,0,0,0,0,0,0,0,-0.272000014781952,-0.273999989032745,0,-0.46000000834465,-1.66100001335144,-1.50199997425079,-1.50999999046326,-1.67299997806549,0,0,0,0,0,-1.66199994087219,-1.66499996185303,-1.66700005531311,-1.67400002479553,-1.60099995136261,0,-1.51400005817413,0,0,0,0,0,0,0,-1.44500005245209,-1.38900005817413,-1.39800000190735,-1.39900004863739,0.241999998688698,0.46000000834465,-0.151999995112419,-0.625,0,0,0,0,0,0,0,0,0,0,0,0,0,0,0,-1.59500002861023,-1.59099996089935,0,0,0,0,-1.59300005435944,-1.59599995613098,0,0,0,0,0,0,0,0
0,0,0,0,0,0,0,0,0,-1.27600002288818,0,0,0,0,0,0,-1.28699994087219,0,0,-1.31500005722046,-1.31500005722046,-1.31200003623962,0,0,0,0,0,0,0,-1.31500005722046,0,-1.29999995231628,0,-1.34899997711182,0,-1.33599996566772,0,0,-1.31700003147125,-1.31500005722046,0,0,-1.32500004768372,-1.32200002670288,-1.31400001049042,0,0,0,-1.35000002384186,-1.34800004959106,-1.35000002384186,0,0,0,0,0,0,0,0,0,0,0,0,0,-1.36600005626678,-1.37100005149841,-1.36899995803833,-1.35699999332428,0,0,0,0,0,0,-1.40600001811981,0,0,0,0,-1.46300005912781,0,-1.52199995517731,0,0,0,0,0,0,0,0,0,0,0,0,0,0,0,0,0,0,0,0,0,0,0,0,0,0,0,0,0,0,0,0,0,0,0,0,0,0,0,0,0,0,-1.31299996376038,-1.40900003910065,-1.50199997425079,-0.36599999666214,-1.65100002288818,-1.65799999237061,0,0,-0.263999998569489,0,0,0,0,0,0,0,-1.66499996185303,-1.66600000858307,-1.66600000858307,0,0,0,0,0,0,0,-1.67799997329712,-1.58899998664856,0,-1.5,0,0,0,0,0,0,0,-1.43499994277954,0,0,0,0.24099999666214,0.458999991416931,0,0,0,0,0,0,0,0,0,-1.5900000333786,0,0,0,0,0,0,0,-1.58399999141693,-1.59200000762939,-1.59399998188019,0,0,0,0,-1.59700000286102,-1.59800004959106,0,0,0,0,0,0,0
0,0,0,0,0,-1.29200005531311,0,0,-1.27199995517731,-1.26999998092651,0,0,0,-1.29499995708466,0,-1.27999997138977,-1.27900004386902,0,-1.31299996376038,-1.30900001525879,0,0,0,0,0,0,0,-1.32299995422363,-1.31099998950958,-1.30900001525879,-1.30099999904633,0,0,-1.34599995613098,-1.33500003814697,-1.33000004291534,-1.32400000095367,-1.307000041008,0,-1.33700001239777,-1.3309999704361,-1.32200002670288,-1.31099998950958,0,0,0,0,0,-1.34099996089935,-1.34200000762939,0,0,0,0,0,0,0,0,0,0,0,0,0,-1.36199998855591,-1.36500000953674,0,0,0,0,0,0,0,-1.39699995517731,-1.39699995517731,-1.39999997615814,0,0,0,-1.4539999961853,-1.45500004291534,-1.50600004196167,-1.51499998569489,0,0,0,0,0,0,0,0,0,0,0,0,0,0,-1.64300000667572,-1.64199995994568,-1.64199995994568,-1.64199995994568,-1.64100003242493,-1.64199995994568,0,-1.64199995994568,-1.64400005340576,-1.64600002765656,0,0,0,0,0,0,0,0,0,0,0,0,0,0,0,0,0,0,-1.12100005149841,-0.685000002384186,0,-0.465999990701675,-0.312999993562698,-1.65100002288818,-1.65199995040894,-1.65400004386902,-1.65499997138977,0,0,0,0,-0.328000009059906,0,0,0,0,-1.66799998283386,-1.66799998283386,-1.66700005531311,-1.6690000295639,0,0,0,0,-1.6599999666214,-1.57099997997284,0,0,-1.49100005626678,0,0,0,0,0,-1.42299997806549,-1.432000041008,0,-1.37100005149841,0,-1.39300000667572,0.456999987363815,-0.418999999761581,0,0,0,0,0,0,0,0,0,-1.59200000762939,-1.59399998188019,-1.59599995613098,0,0,0,0,0,0,0,-1.59500002861023,0,0,0,0,0,0,0,0,0,0,0,0
0,0,0,0,0,0,-1.2849999666214,-1.26900005340576,-1.26800000667572,0,0,-1.30799996852875,-1.30400002002716,-1.28900003433228,-1.28799998760223,-1.28199994564056,0,0,-1.30999994277954,-1.30599999427795,0,0,0,0,-1.33500003814697,-1.32700002193451,-1.317999958992,-1.31599998474121,0,0,0,0,0,-1.33399999141693,0,0,0,0,-1.33700001239777,-1.33000004291534,-1.32799994945526,-1.31900000572205,0,0,0,0,-1.33800005912781,-1.33599996566772,-1.33700001239777,-1.32799994945526,0,0,0,0,0,0,0,0,0,0,0,0,-1.35300004482269,0,0,0,0,0,0,0,0,-1.38800001144409,-1.38199996948242,0,0,0,-1.43900001049042,-1.44000005722046,-1.43700003623962,0,-1.48599994182587,-1.55999994277954,0,0,0,0,0,-1.63900005817413,-1.63900005817413,-1.63999998569489,-1.63999998569489,-1.63900005817413,-1.63999998569489,-1.63999998569489,-1.63800001144409,-1.63999998569489,-1.64100003242493,-1.63999998569489,-1.64100003242493,0,0,-1.64100003242493,-1.63999998569489,-1.64100003242493,-1.64199995994568,-1.64199995994568,-1.64199995994568,-1.64300000667572,-1.64199995994568,-1.63999998569489,-1.64300000667572,-1.64199995994568,-1.64100003242493,-1.64199995994568,-1.64699995517731,0,0,0,0,0,0,0,0,0,-1.10000002384186,-0.680000007152557,-0.939999997615814,0,-0.352999985218048,-0.354999989271164,-0.35699999332428,0,-0.360000014305115,-1.65699994564056,-0.365000009536743,-0.367000013589859,-0.368999987840652,-0.374000012874603,-0.44200000166893,0,0,0,0,0,0,-1.66700005531311,-1.66600000858307,-1.67299997806549,0,0,0,-1.56500005722046,-1.56599998474121,-1.56900000572205,-1.48199999332428,-1.49000000953674,0,0,0,0,0,-1.41400003433228,0,0,-1.36699998378754,0.0540000014007092,0.507000029087067,-0.28099998831749,0,0,0,0,0,0,0,0,0,0,0,-1.59500002861023,-1.59700000286102,0,0,0,0,0,0,0,-1.59800004959106,-1.60199999809265,0,0,0,0,0,0,0,0,0,0
0,0,0,0,0,0,0,0,0,0,0,-1.29700005054474,0,0,0,0,0,-1.30400002002716,-1.30299997329712,0,0,0,0,-1.33200001716614,-1.33200001716614,-1.32099997997284,-1.31500005722046,-1.30799996852875,0,0,0,0,-1.33299994468689,0,0,0,0,-1.33599996566772,-1.32400000095367,-1.32000005245209,0,0,0,0,0,0,-1.33000004291534,-1.3309999704361,-1.32200002670288,0,0,0,0,0,0,0,0,0,0,0,-1.35099995136261,-1.34599995613098,0,0,0,0,0,0,0,0,-1.37699997425079,-1.37300002574921,0,0,0,-1.43099999427795,-1.43400001525879,0,0,0,-1.47099995613098,0,-1.64100003242493,-1.63199996948242,-1.63499999046326,-1.6360000371933,-1.63499999046326,-1.63699996471405,0,0,0,0,0,0,0,0,0,0,0,0,0,0,0,0,0,0,0,0,0,0,0,0,0,-1.64100003242493,-1.64199995994568,-1.64300000667572,-1.63999998569489,-1.64800000190735,-1.63999998569489,0,0,0,0,0,-1.09200000762939,-1.08599996566772,-0.665000021457672,-0.788999974727631,-0.458000004291534,-0.456999987363815,-0.354999989271164,-0.35699999332428,-0.358000010251999,-0.361000001430511,-0.363000005483627,-0.367000013589859,0,-0.477999985218048,-0.483999997377396,-1.66999995708466,-0.950999975204468,0,0,0,0,0,0,-1.66799998283386,-1.6690000295639,-1.67499995231628,0,-1.625,-1.56099998950958,-1.55599999427795,-1.48099994659424,-1.48599994182587,-1.48000001907349,0,0,0,-1.31700003147125,-1.39699995517731,0,0,-1.43299996852875,0,0.504000008106232,0,0,0,0,0,0,0,0,0,0,0,0,0,-1.58700001239777,-1.60000002384186,-1.60699999332428,0,0,0,0,0,0,-1.60099995136261,0,0,0,0,0,0,0,0,0,0
0,0,0,0,0,0,0,0,0,0,-1.30099999904633,0,0,0,0,0,0,-1.29799997806549,0,0,0,0,0,-1.32500004768372,0,0,0,0,0,0,0,-1.32400000095367,-1.317999958992,0,-1.34700000286102,-1.33800005912781,-1.33200001716614,-1.32599997520447,-1.32599997520447,0,0,0,0,0,0,0,-1.31900000572205,0,0,0,0,0,0,0,0,0,0,0,0,-1.34099996089935,-1.34500002861023,-1.34099996089935,0,0,0,0,0,-1.37899994850159,-1.37999999523163,-1.375,-1.36899995803833,-1.37000000476837,0,0,-1.41600000858307,-1.41100001335144,0,0,0,-1.46200001239777,0,-1.52199995517731,-1.63800001144409,-1.63199996948242,0,0,0,0,0,0,0,-1.66799998283386,-1.66600000858307,-1.66400003433228,-1.66199994087219,-1.66199994087219,-1.66199994087219,-1.66299998760223,-1.66199994087219,-1.66299998760223,-1.66400003433228,-1.66100001335144,-1.66199994087219,-1.66299998760223,-1.66499996185303,-1.66700005531311,-1.66600000858307,-1.66799998283386,-1.66799998283386,0,0,0,0,0,0,0,0,0,-1.63999998569489,-1.63999998569489,-1.63999998569489,-1.64699995517731,-1.64900004863739,-1.64900004863739,-1.65100002288818,-0.873000025749207,-0.871999979019165,-0.66100001335144,0,0,-0.934000015258789,-0.893999993801117,0,0,-0.804000020027161,0,0,0,-0.975000023841858,-0.824000000953674,-0.880999982357025,-1.67400002479553,0,0,0,0,0,0,-1.66999995708466,-1.67400002479553,-1.67400002479553,-1.61099994182587,0,-1.54200005531311,0,0,-1.47399997711182,0,0,-1.37999999523163,-1.25899994373322,0,-1.39100003242493,0,-1.41700005531311,0.239999994635582,0.370000004768372,0,0.189999997615814,0,0,0,0,0,0,0,0,0,0,0,0,0,-1.60300004482269,-1.60399997234344,0,0,0,0,0,0,0,0,0,0,0,0,0,0,0,0
0,0,0,0,0,0,0,0,0,0,-1.2940000295639,-1.28100001811981,0,0,0,0,-1.29700005054474,-1.29799997806549,0,0,0,0,-1.32200002670288,-1.32299995422363,0,0,0,0,0,-1.33200001716614,-1.32500004768372,-1.32000005245209,-1.35000002384186,0,-1.33299994468689,-1.33800005912781,-1.32599997520447,-1.31599998474121,0,0,0,0,0,-1.32799994945526,-1.32299995422363,-1.31200003623962,0,0,0,0,0,0,0,0,0,0,0,0,-1.33700001239777,0,0,0,0,0,-1.38699996471405,-1.37800002098083,-1.37000000476837,-1.37699997425079,0,0,0,0,0,-1.40600001811981,-1.41400003433228,-1.41100001335144,0,-1.44500005245209,-1.44400000572205,-1.45099997520447,-1.51400005817413,-1.52100002765656,0,0,0,0,-1.66100001335144,-1.65799999237061,-1.65900003910065,-1.66199994087219,-1.66400003433228,-1.66299998760223,-1.66400003433228,-1.66299998760223,0,0,0,0,0,0,0,0,0,0,0,0,0,0,-1.66600000858307,-1.66499996185303,-1.66600000858307,-1.66499996185303,-1.66299998760223,-1.66499996185303,-1.66600000858307,-1.66700005531311,0,0,0,0,0,0,0,-1.64900004863739,-1.64800000190735,-0.816999971866608,-0.653999984264374,-0.653999984264374,-0.656000018119812,-0.555000007152557,-0.555999994277954,-0.927999973297119,0,-0.994000017642975,-0.675000011920929,-0.573000013828278,-0.574000000953674,-0.578999996185303,-0.689999997615814,-0.753000020980835,-0.822000026702881,-1.66799998283386,-1.67299997806549,-1.67400002479553,-1.67900002002716,0,0,0,0,0,0,-1.59599995613098,0,-1.5349999666214,-1.53299999237061,0,-1.46399998664856,-1.46300005912781,0,-1.36300003528595,-1.36800003051758,-1.37999999523163,-1.39400005340576,0,-1.40900003910065,0,0.499000012874603,0.0560000017285347,0,0,0,0,0,0,0,0,0,0,0,0,0,0,0,-1.60300004482269,-1.60899996757507,0,0,0,0,0,0,0,0,0,0,0,0,0,0,-1.625
0,0,0,0,0,0,0,0,0,0,0,0,0,0,0,-1.2960000038147,-1.28799998760223,0,0,0,0,0,-1.31500005722046,0,0,0,0,0,-1.32799994945526,-1.32000005245209,-1.31900000572205,0,-1.34399998188019,-1.34099996089935,-1.33500003814697,0,0,0,0,0,0,0,0,-1.32099997997284,0,-1.30900001525879,0,0,0,0,0,0,0,0,0,-1.34099996089935,-1.33299994468689,-1.33399999141693,-1.33399999141693,0,0,0,0,-1.37899994850159,-1.37600004673004,-1.37399995326996,0,0,0,0,0,0,-1.39400005340576,-1.39600002765656,0,0,0,-1.44400000572205,0,0,-1.49000000953674,-1.59300005435944,-1.65799999237061,-1.65199995040894,-1.65400004386902,-1.65600001811981,-1.65699994564056,0,0,0,0,0,0,0,0,0,0,0,0,0,0,0,0,0,0,0,0,0,0,0,0,0,0,0,0,-1.66799998283386,-1.66700005531311,-1.66100001335144,-1.66299998760223,-1.66400003433228,-1.6710000038147,0,0,0,0,-0.948000013828278,-1.02300000190735,-0.697000026702881,-0.699999988079071,-0.65200001001358,-0.656000018119812,-0.658999979496002,-0.662999987602234,-0.666000008583069,-0.670000016689301,-0.675999999046326,-0.726999998092651,-0.685000002384186,-0.856000006198883,-0.964999973773956,0,0,0,-1.67599999904633,-1.67400002479553,-1.67299997806549,0,0,0,0,0,-1.58200001716614,0,-1.52100002765656,-1.52400004863739,0,0,-1.46200001239777,-1.46300005912781,0,0,-1.37000000476837,-1.37800002098083,-1.38300001621246,0,0,0.499000012874603,0.448000013828278,0,0,0,0,0,0,0,0,0,0,0,0,0,0,0,0,-1.60899996757507,-1.60300004482269,-1.25499999523163,0,0.0370000004768372,0,0,-0.412000000476837,-0.703999996185303,0,0,0,0,0,0,0
-1.29700005054474,0,0,0,0,0,0,0,0,0,0,0,0,0,0,-1.28600001335144,0,0,0,0,-1.3289999961853,-1.31599998474121,0,0,0,0,0,0,-1.32099997997284,0,0,-1.33700001239777,-1.33899998664856,0,0,0,0,0,0,0,0,-1.31900000572205,-1.317999958992,-1.31200003623962,0,0,0,0,0,0,0,0,0,0,0,-1.33599996566772,-1.33399999141693,-1.32400000095367,0,0,0,0,-1.36300003528595,-1.36899995803833,0,-1.36199998855591,0,0,0,0,-1.38999998569489,-1.39100003242493,-1.38999998569489,-1.38900005817413,0,0,0,-1.41700005531311,0,-1.47699999809265,0,-1.57099997997284,0,-1.64300000667572,0,0,0,0,0,0,0,0,0,-1.66499996185303,0,-1.66199994087219,-1.66199994087219,-1.66199994087219,-1.66199994087219,-1.66100001335144,-1.66100001335144,-1.66100001335144,-1.66100001335144,-1.66100001335144,-1.66400003433228,-1.66400003433228,0,0,0,0,0,0,0,0,0,0,0,0,-1.65699994564056,-1.66499996185303,-1.66600000858307,-1.67200005054474,-1.67299997806549,-1.66999995708466,-1.6710000038147,0,-0.948000013828278,0,0,-0.90200001001358,-0.902999997138977,-0.907999992370605,-0.707000017166138,-0.916000008583069,-0.922999978065491,-0.930000007152557,0,-0.890999972820282,-0.940999984741211,-0.947000026702881,0,0,0,0,0,-1.67299997806549,-1.67400002479553,-1.67599999904633,0,0,0,-1.567999958992,0,0,-1.51499998569489,0,0,0,-1.46000003814697,0,0,0,0,0,-1.30200004577637,0,0.497000008821487,0.312999993562698,0.189999997615814,0,0,0,0,0,0,0,0,0,0,0,0,0,0,0,0,-1.30599999427795,-1.18499994277954,0.0399999991059303,-0.178000003099442,0,0,-0.407999992370605,-1.30200004577637,-0.935000002384186,-0.716000020503998,-1.18099999427795,0,0,0,0
0,0,0,0,0,0,0,0,0,0,0,0,0,0,-1.29200005531311,-1.28799998760223,0,0,0,-1.32000005245209,-1.32000005245209,0,0,0,0,0,-1.3289999961853,-1.32400000095367,-1.32099997997284,0,0,-1.33599996566772,0,0,0,0,0,0,0,-1.3289999961853,-1.32799994945526,-1.31400001049042,0,0,0,0,0,0,0,0,0,-1.34500002861023,0,-1.3309999704361,-1.32299995422363,-1.32599997520447,0,0,0,0,0,0,-1.35300004482269,0,0,0,0,-1.38900005817413,-1.38900005817413,-1.38499999046326,-1.37699997425079,0,0,0,0,0,0,-1.39999997615814,-1.46000003814697,-1.46300005912781,0,-1.54200005531311,0,0,0,0,0,-1.66100001335144,-1.6599999666214,-1.66199994087219,-1.6599999666214,-1.66199994087219,-1.65900003910065,-1.65900003910065,-1.66100001335144,-1.65900003910065,-1.6599999666214,-1.65900003910065,0,0,-1.65900003910065,0,-1.6599999666214,0,0,-1.66400003433228,-1.66400003433228,-1.66400003433228,-1.66400003433228,-1.66400003433228,-1.66600000858307,-1.66299998760223,-1.66499996185303,-1.66299998760223,-1.66799998283386,0,0,0,0,0,0,0,0,0,0,-1.66999995708466,-1.6710000038147,-1.6710000038147,0,0,0,0,-1.64999997615814,-1.64999997615814,-1.65400004386902,-1.65499997138977,0,0,0,0,0,0,0,0,0,0,0,-1.67599999904633,-1.67799997329712,-1.682000041008,0,-1.62399995326996,-1.57000005245209,-1.56700003147125,-1.50999999046326,-1.50399994850159,0,-1.432000041008,-1.442999958992,-1.44500005245209,0,0,-1.35500001907349,-1.35300004482269,-1.25499999523163,0.444000005722046,0.365000009536743,0,0,0,0,0,0,0,0,0,0,0,0,0,0,0,0,0,0,0,0.112999998033047,0.112999998033047,-0.0450000017881393,0,-0.762000024318695,-0.40599998831749,-0.407999992370605,-0.700999975204468,-1.01199996471405,0,0,0,0,0
0,0,0,0,0,0,0,0,0,0,0,0,0,0,0,-1.28100001811981,0,-1.32799994945526,-1.32700002193451,-1.32299995422363,0,0,0,0,-1.3400000333786,-1.33800005912781,-1.32400000095367,0,0,-1.33899998664856,-1.3309999704361,-1.32599997520447,0,0,0,-1.35599994659424,0,-1.33500003814697,-1.3289999961853,-1.32099997997284,-1.31299996376038,-1.30799996852875,0,0,0,0,0,0,0,0,-1.34200000762939,-1.33299994468689,-1.33399999141693,-1.32099997997284,-1.32200002670288,0,0,0,0,0,-1.35500001907349,-1.35099995136261,-1.34599995613098,0,-1.39499998092651,-1.38900005817413,-1.38499999046326,-1.37999999523163,0,-1.37999999523163,0,0,-1.40400004386902,-1.40100002288818,-1.40100002288818,-1.39699995517731,-1.38199996948242,-1.38199996948242,-1.44900000095367,0,-1.52900004386902,-1.53699994087219,-1.6599999666214,-1.65400004386902,-1.65199995040894,-1.65600001811981,-1.65900003910065,-1.65900003910065,0,0,0,0,0,0,0,0,0,0,0,0,0,0,0,0,0,0,0,0,0,0,0,0,0,0,0,-1.66600000858307,-1.66600000858307,-1.66299998760223,-1.66499996185303,0,0,0,0,0,0,0,0,-1.67200005054474,-1.6690000295639,-1.6690000295639,-1.67299997806549,0,0,0,0,-1.65400004386902,-1.65400004386902,-1.65499997138977,0,0,0,0,0,0,0,0,0,0,0,-1.68299996852875,-1.682000041008,-1.60500001907349,0,-1.55599999427795,0,-1.49800002574921,-1.50499999523163,0,0,-1.432000041008,0,-1.33800005912781,0,-1.34399998188019,-1.28400003910065,0,0.49099999666214,-0.254999995231628,-0.12899999320507,0,0,0,0,0,0,0,0,0,0,0,0,0,0,0,0,0,-1.01699995994568,-0.953999996185303,-0.749000012874603,-0.888999998569489,-0.976999998092651,-1.21399998664856,-1.21399998664856,-1.22599995136261,0,0,-1.62399995326996,-1.62600004673004,0,0
-1.27699995040894,0,0,0,0,0,0,0,0,0,0,0,0,0,0,0,0,-1.32500004768372,-1.32000005245209,0,0,0,0,0,-1.33500003814697,0,0,0,-1.33500003814697,-1.33000004291534,0,0,0,-1.35899996757507,-1.35399997234344,-1.35099995136261,-1.33200001716614,-1.3309999704361,0,0,0,0,0,0,0,0,0,0,0,-1.34300005435944,-1.33599996566772,0,0,0,0,0,0,0,0,-1.34300005435944,-1.33899998664856,0,0,-1.38999998569489,-1.3860000371933,-1.3860000371933,0,0,0,0,0,-1.39300000667572,-1.39800000190735,0,0,0,-1.37600004673004,-1.37300002574921,-1.42700004577637,0,-1.50899994373322,-1.58700001239777,-1.65400004386902,-1.65199995040894,0,0,0,0,0,0,0,0,0,0,0,0,0,0,0,0,0,-1.66100001335144,0,0,0,0,0,0,0,0,0,0,0,0,0,0,0,0,-1.66199994087219,-1.66499996185303,-1.66499996185303,-1.6690000295639,-1.66799998283386,-1.67200005054474,0,0,0,0,0,0,-1.6690000295639,-1.6690000295639,-1.67299997806549,0,0,0,0,0,-1.65799999237061,-1.65799999237061,-1.65900003910065,0,0,0,0,0,0,0,0,0,0,-1.59300005435944,0,-1.54200005531311,0,-1.48500001430511,-1.48199999332428,0,0,-1.4190000295639,0,0,0,-1.34200000762939,-1.34399998188019,0,0.490000009536743,0,-0.194999992847443,0,0,0,0,0,0,0,0,0,0,0,0,0,0,0,0,0,-1.4539999961853,-1.01900005340576,0,0,-1.62000000476837,-1.34099996089935,-1.21300005912781,-1.35599994659424,0,0,0,-1.62600004673004,-1.62899994850159,0
0,0,0,-1.31400001049042,-1.30299997329712,0,0,0,0,0,0,0,0,0,0,0,0,-1.31900000572205,0,0,0,0,0,-1.32700002193451,-1.33299994468689,0,0,-1.33800005912781,-1.33200001716614,0,0,0,0,-1.35699999332428,-1.34899997711182,0,0,-1.32400000095367,0,0,0,0,0,0,0,0,0,0,-1.33500003814697,-1.33000004291534,0,-1.317999958992,0,0,0,0,0,0,-1.34200000762939,-1.33700001239777,0,0,-1.37800002098083,-1.37800002098083,0,0,0,0,-1.39499998092651,0,-1.38100004196167,-1.38699996471405,0,0,-1.42599999904633,-1.42200005054474,0,-1.40799999237061,-1.41100001335144,0,-1.49800002574921,-1.55599999427795,0,0,0,0,0,0,0,-1.65699994564056,-1.65199995040894,-1.65400004386902,-1.65299999713898,-1.65299999713898,-1.65299999713898,-1.65100002288818,-1.65299999713898,-1.65199995040894,-1.65499997138977,-1.65400004386902,-1.65499997138977,-1.65299999713898,-1.65199995040894,-1.65400004386902,-1.65799999237061,-1.65600001811981,-1.6599999666214,-1.6599999666214,-1.6599999666214,-1.6599999666214,-1.6599999666214,-1.66199994087219,-1.66199994087219,0,0,0,0,0,0,0,0,0,-1.66499996185303,-1.6710000038147,-1.66400003433228,-1.66799998283386,-1.6710000038147,0,0,0,0,0,-1.67299997806549,-1.67400002479553,-1.67599999904633,-1.67900002002716,0,0,0,0,-1.66100001335144,-1.66299998760223,-1.66299998760223,0,0,0,0,0,0,0,0,-1.5789999961853,0,-1.53100001811981,-1.53699994087219,0,-1.47200000286102,0,-1.40199995040894,-1.4099999666214,0,-1.42900002002716,-1.442999958992,0,-1.34099996089935,-1.33700001239777,0.363000005483627,-1.36800003051758,-0.123000003397465,0,0,0,0,0,0,0,0,0,0,0,0,0,0,0,0,0,0,0,0,0,-1.62399995326996,-1.62100005149841,0,0,0,0,0,0,-1.62699997425079,-1.63499999046326
-1.26400005817413,-1.317999958992,-1.31700003147125,-1.31099998950958,-1.30299997329712,0,0,0,0,0,0,0,0,0,0,0,-1.32000005245209,0,0,0,0,0,0,-1.32299995422363,-1.31299996376038,0,-1.33299994468689,-1.33599996566772,0,0,0,0,-1.35199999809265,-1.35199999809265,0,0,0,0,0,0,0,0,0,0,0,0,0,0,-1.32400000095367,-1.31599998474121,0,0,0,0,0,-1.34500002861023,-1.33599996566772,-1.3289999961853,-1.32200002670288,0,0,0,-1.36099994182587,-1.37100005149841,0,0,0,-1.38800001144409,-1.37699997425079,-1.37999999523163,-1.37300002574921,0,0,-1.41400003433228,-1.42200005054474,0,-1.40600001811981,-1.39999997615814,0,-1.47599995136261,-1.54200005531311,-1.54999995231628,0,-1.66199994087219,-1.64999997615814,-1.64999997615814,-1.64999997615814,-1.65100002288818,-1.64999997615814,-1.64900004863739,0,0,0,0,0,0,0,0,0,0,0,0,0,0,0,0,0,0,0,0,0,0,0,-1.66199994087219,-1.66400003433228,-1.66299998760223,-1.6599999666214,-1.66199994087219,0,0,0,0,0,0,0,-1.66400003433228,-1.6690000295639,-1.6690000295639,-1.6690000295639,-1.6710000038147,0,0,0,0,0,0,-1.67900002002716,-1.682000041008,-1.68299996852875,0,0,0,-1.66499996185303,-1.66299998760223,-1.6690000295639,0,0,0,0,0,0,-1.64100003242493,-1.56900000572205,-1.57599997520447,-1.52300000190735,-1.52600002288818,-1.47300004959106,-1.47099995613098,-1.48300004005432,-1.39499998092651,-1.40799999237061,-1.4190000295639,-1.42999994754791,-1.44200003147125,0,-1.33299994468689,0.0649999976158142,0.190999999642372,-0.189999997615814,0,0,0,0,0,0,-1.56599998474121,0,0,0,0,0,0,0,0,0,0,0,0,0,0,-1.60899996757507,-1.62100005149841,-1.625,0,0,0,0,0,0,-1.62800002098083
0,-1.31299996376038,-1.30499994754791,-1.30200004577637,0,0,0,0,0,0,0,0,0,0,0,0,0,0,0,0,0,-1.33500003814697,-1.32000005245209,-1.31099998950958,0,-1.33800005912781,-1.32500004768372,0,0,0,0,-1.34899997711182,-1.34300005435944,0,0,0,0,0,0,0,0,0,0,0,0,-1.3309999704361,-1.33299994468689,-1.32000005245209,-1.317999958992,0,0,0,-1.35399997234344,-1.34700000286102,-1.33800005912781,-1.33500003814697,0,-1.32299995422363,0,0,0,-1.35899996757507,-1.35899996757507,0,0,0,-1.38199996948242,-1.37600004673004,-1.375,0,0,-1.40900003910065,-1.40900003910065,-1.41499996185303,0,0,0,0,-1.45799994468689,-1.45700001716614,-1.52199995517731,-1.59500002861023,-1.65400004386902,-1.64999997615814,-1.64699995517731,0,0,0,0,-1.6710000038147,-1.6690000295639,-1.67299997806549,-1.6710000038147,-1.66700005531311,-1.6690000295639,-1.66999995708466,-1.6690000295639,-1.66700005531311,-1.66999995708466,-1.66999995708466,-1.66600000858307,-1.6690000295639,-1.6690000295639,-1.66799998283386,-1.67200005054474,-1.67299997806549,-1.67499995231628,-1.67400002479553,-1.67400002479553,-1.67499995231628,-1.67400002479553,-1.67499995231628,-1.67700004577637,0,0,0,0,-1.6599999666214,-1.65699994564056,-1.65799999237061,-1.66100001335144,-1.66400003433228,-1.66799998283386,0,0,0,0,0,-1.66700005531311,-1.66999995708466,-1.66999995708466,-1.67200005054474,-1.67599999904633,0,0,0,0,0,-1.682000041008,-1.68400001525879,-1.68299996852875,0,0,0,-1.66299998760223,-1.66100001335144,0,0,0,0,0,-1.62800002098083,0,-1.567999958992,-1.50800001621246,0,0,-1.46800005435944,0,-1.39400005340576,0,0,-1.4190000295639,-1.42299997806549,0,0,0.30799999833107,0.0649999976158142,0,0,0,0,0,0,0,0,0,-1.58599996566772,0,0,0,0,0,0,0,0,0,0,0,0,0,0,-1.62300002574921,0,0,0,0,0,0,-1.62000000476837
0,-1.31099998950958,0,0,0,0,0,0,0,-1.28999996185303,0,0,0,0,0,0,0,0,0,0,-1.3309999704361,-1.3309999704361,-1.32099997997284,0,-1.33299994468689,-1.33299994468689,0,0,0,0,-1.34599995613098,-1.33800005912781,-1.33500003814697,0,0,0,0,0,0,0,0,0,0,0,0,-1.33000004291534,-1.31900000572205,0,0,0,0,-1.35599994659424,-1.35599994659424,-1.34899997711182,0,-1.33000004291534,0,0,-1.29900002479553,-1.35699999332428,-1.35099995136261,-1.34399998188019,0,0,-1.37300002574921,-1.37300002574921,-1.37699997425079,0,0,0,0,-1.39600002765656,0,0,0,0,0,-1.44200003147125,-1.44200003147125,-1.50899994373322,-1.50800001621246,-1.55599999427795,-1.63699996471405,-1.67200005054474,-1.66799998283386,-1.66600000858307,-1.66600000858307,-1.66700005531311,-1.66799998283386,-1.66799998283386,0,0,0,0,0,0,0,0,0,0,0,0,0,0,0,0,0,0,0,0,0,0,-1.67200005054474,-1.67299997806549,-1.67499995231628,-1.67400002479553,-1.67400002479553,-1.67900002002716,0,0,0,0,-1.66400003433228,-1.66499996185303,-1.66299998760223,-1.66700005531311,0,0,0,0,0,0,-1.67200005054474,-1.67299997806549,-1.67700004577637,0,0,0,0,0,-1.68499994277954,-1.68700003623962,-1.68900001049042,0,0,0,-1.66499996185303,-1.66700005531311,0,0,0,-1.60899996757507,0,-1.54900002479553,-1.50300002098083,-1.50800001621246,0,-1.44400000572205,-1.45500004291534,-1.46700000762939,-1.48000001907349,-1.48000001907349,-1.40299999713898,-1.41199994087219,-1.42499995231628,0,0.190999999642372,-0.0540000014007092,0,0,0,0,0,0,0,0,0,0,0,-1.5900000333786,0,0,0,0,0,0,0,0,0,0,0,0,0,-1.62399995326996,0,0,0,0,0,0
-1.30999994277954,-1.30599999427795,0,0,0,0,-1.31299996376038,-1.30099999904633,0,0,0,0,0,0,0,0,0,0,0,0,0,0,0,-1.33899998664856,-1.33299994468689,0,0,0,0,0,-1.33500003814697,-1.33800005912781,0,0,0,0,0,0,0,0,0,0,0,0,0,0,0,0,0,0,0,-1.35300004482269,0,0,0,0,0,0,0,-1.34099996089935,-1.34599995613098,0,0,-1.36600005626678,-1.36600005626678,-1.36699998378754,0,0,0,0,-1.38399994373322,-1.37399995326996,0,0,0,0,-1.432000041008,-1.432000041008,0,-1.49500000476837,-1.54200005531311,-1.5440000295639,-1.59800004959106,-1.66600000858307,-1.66400003433228,0,0,0,0,0,0,0,0,0,0,0,0,0,0,0,0,0,0,0,0,0,0,0,0,0,0,0,0,0,0,0,0,-1.6710000038147,-1.6690000295639,-1.66999995708466,-1.67499995231628,0,0,0,0,-1.66400003433228,-1.66400003433228,-1.66600000858307,-1.6690000295639,0,0,0,0,0,-1.67799997329712,-1.67700004577637,-1.67900002002716,0,0,0,0,0,-1.69200003147125,-1.69000005722046,-1.69099998474121,0,0,0,-1.66700005531311,-1.66700005531311,-1.67900002002716,-1.60000002384186,0,-1.5440000295639,-1.54799997806549,-1.50199997425079,-1.41999995708466,0,0,0,-1.46599996089935,0,0,0,-1.28799998760223,-1.41700005531311,0.307000011205673,0.0670000016689301,0,0,0,0,0,0,0,0,0,0,0,0,-1.59200000762939,0,0,0,0,0,0,0,0,0,0,0,0,0,-1.62699997425079,-1.63300001621246,0,0,0,0
-1.30499994754791,0,0,0,0,-1.31099998950958,0,-1.29100000858307,-1.2940000295639,-1.27600002288818,0,0,0,0,0,0,0,0,0,0,0,0,0,-1.32799994945526,0,0,0,0,0,0,-1.32500004768372,0,0,0,0,0,0,0,0,0,0,0,0,-1.31099998950958,-1.30400002002716,-1.29900002479553,-1.28900003433228,-1.28799998760223,0,-1.34500002861023,-1.33399999141693,-1.33399999141693,0,0,0,0,-1.35000002384186,-1.34599995613098,-1.3400000333786,-1.32799994945526,0,0,0,-1.35699999332428,0,0,0,-1.3860000371933,-1.37999999523163,-1.375,-1.37300002574921,0,0,-1.42999994754791,0,-1.41999995708466,-1.42799997329712,0,-1.47800004482269,-1.48500001430511,-1.52199995517731,-1.64800000190735,-1.5789999961853,0,0,0,0,0,0,0,0,0,0,0,0,0,0,0,0,0,0,0,0,0,0,0,0,0,0,0,0,0,0,0,0,0,0,0,0,0,-1.67200005054474,-1.67400002479553,-1.67799997329712,-1.67700004577637,-1.67999994754791,0,0,0,-1.66299998760223,-1.66499996185303,-1.66700005531311,0,0,0,0,0,-1.67900002002716,-1.67900002002716,-1.68099999427795,-1.68299996852875,0,0,0,0,-1.68700003623962,-1.68700003623962,0,0,0,-1.66600000858307,-1.67299997806549,-1.58299994468689,-1.58299994468689,0,-1.53600001335144,-1.48000001907349,0,-1.49500000476837,0,0,-1.45700001716614,0,0,0,-1.39699995517731,0,0.430999994277954,0.190999999642372,0.190999999642372,0,0,0,0,0,0,0,0,0,0,0,-1.59399998188019,-1.59399998188019,0,0,0,0,0,0,0,0,0,0,0,0,0,-1.63100004196167,-1.63699996471405,0,0,0
0,0,0,0,-1.31400001049042,-1.30200004577637,0,0,0,0,0,0,0,0,0,0,0,0,0,0,0,0,0,-1.32400000095367,0,0,0,0,0,-1.31900000572205,-1.31900000572205,-1.31599998474121,0,0,0,0,0,0,0,0,0,0,-1.32099997997284,-1.29999995231628,-1.29900002479553,0,0,0,0,-1.34099996089935,-1.32799994945526,0,0,-1.37100005149841,-1.36300003528595,-1.35300004482269,-1.34700000286102,0,-1.33200001716614,-1.31700003147125,0,0,-1.34099996089935,-1.40600001811981,-1.39499998092651,-1.39100003242493,-1.3860000371933,0,0,-1.37100005149841,0,0,0,-1.41400003433228,-1.4099999666214,0,-1.46200001239777,-1.4559999704361,-1.46200001239777,-1.50499999523163,-1.50999999046326,-1.61199998855591,-1.55799996852875,0,0,0,0,0,0,0,-1.64499998092651,-1.64300000667572,-1.64400005340576,-1.64400005340576,-1.64199995994568,-1.64199995994568,-1.64100003242493,-1.64100003242493,-1.64400005340576,-1.64400005340576,-1.64300000667572,-1.64400005340576,-1.63999998569489,-1.64300000667572,-1.64699995517731,-1.64600002765656,-1.64999997615814,-1.64999997615814,-1.64900004863739,-1.65100002288818,-1.65100002288818,-1.65400004386902,-1.65699994564056,0,0,0,0,0,0,0,0,0,0,0,-1.67799997329712,-1.67799997329712,-1.67599999904633,-1.67900002002716,0,0,-1.6690000295639,-1.66700005531311,-1.66700005531311,0,0,0,0,0,0,-1.68099999427795,-1.67900002002716,0,0,0,0,-1.68700003623962,-1.68799996376038,-1.69000005722046,0,0,0,-1.66100001335144,-1.58299994468689,-1.50999999046326,-1.52300000190735,-1.47300004959106,-1.47500002384186,-1.49399995803833,-1.49399995803833,0,-1.43299996852875,0,0,0,-1.38699996471405,-1.39800000190735,0.305999994277954,-0.231000006198883,0,0,0,0,0,0,0,0,0,0,0,0,0,-1.59500002861023,-1.59800004959106,0,0,0,0,0,0,0,0,0,0,0,0,0,0,0,0,0
0,0,0,0,-1.31200003623962,0,0,-1.27999997138977,0,0,-1.32200002670288,-1.31700003147125,0,0,0,0,0,0,0,0,0,0,0,0,0,0,0,0,0,-1.31500005722046,0,-1.28900003433228,0,0,0,0,0,0,0,0,0,-1.31299996376038,0,-1.28999996185303,-1.28799998760223,0,0,0,-1.32400000095367,-1.31900000572205,0,0,0,-1.35500001907349,0,-1.34599995613098,0,0,0,0,0,0,-1.33399999141693,-1.38999998569489,-1.38999998569489,0,0,0,0,0,0,0,-1.40199995040894,-1.41100001335144,0,-1.45099997520447,-1.45099997520447,-1.43700003623962,-1.45000004768372,-1.49199998378754,0,-1.54100000858307,0,0,0,-1.64400005340576,-1.63999998569489,-1.63999998569489,-1.63800001144409,-1.63900005817413,-1.63999998569489,-1.64199995994568,0,0,0,0,0,0,0,0,0,0,0,0,0,0,0,0,0,0,-1.64800000190735,-1.64999997615814,-1.65199995040894,-1.65199995040894,-1.65299999713898,-1.65600001811981,-1.65699994564056,-1.65699994564056,0,0,0,0,0,0,0,0,0,-1.67799997329712,-1.67799997329712,-1.67499995231628,0,0,0,-1.66999995708466,-1.67200005054474,-1.67499995231628,0,0,0,0,0,-1.68400001525879,-1.68799996376038,-1.68900001049042,0,0,0,-1.68900001049042,-1.69200003147125,0,0,-1.64300000667572,0,-1.56599998474121,-1.50399994850159,0,-1.46700000762939,-1.47500002384186,-1.48800003528595,0,-1.42400002479553,-1.44400000572205,0,-1.46300005912781,-1.38100004196167,0,0.305000007152557,0,0,0,0,0,0,0,0,0,0,0,0,0,0,0,-1.59700000286102,0,0,0,0,0,0,0,0,0,0,0,0,0,0,0,0,0
0,0,-1.32599997520447,-1.31200003623962,-1.30400002002716,0,0,0,0,0,-1.31900000572205,0,0,0,0,0,0,0,0,0,0,0,0,0,0,0,0,0,0,0,0,0,0,0,0,0,0,0,0,-1.32599997520447,-1.30799996852875,0,-1.2960000038147,0,0,0,0,-1.32299995422363,-1.31500005722046,-1.31299996376038,0,-1.35300004482269,-1.35000002384186,-1.35300004482269,0,0,0,0,0,0,0,-1.32299995422363,-1.3289999961853,-1.37800002098083,0,0,0,0,0,0,-1.40299999713898,-1.38999998569489,0,-1.44099998474121,-1.43700003623962,-1.43099999427795,0,-1.47200000286102,-1.47699999809265,0,-1.51499998569489,-1.53100001811981,-1.64499998092651,-1.63999998569489,-1.63900005817413,-1.63900005817413,0,0,0,0,0,0,0,0,-1.65499997138977,-1.65400004386902,-1.65299999713898,-1.65299999713898,-1.65400004386902,-1.65199995040894,-1.64999997615814,-1.65699994564056,-1.65299999713898,-1.65199995040894,-1.65600001811981,-1.65799999237061,-1.65799999237061,-1.6599999666214,0,0,0,0,0,0,0,0,0,-1.64699995517731,-1.64900004863739,-1.64900004863739,-1.6599999666214,-1.66199994087219,0,0,0,0,0,0,0,-1.67599999904633,-1.67700004577637,-1.67900002002716,-1.682000041008,0,0,-1.67799997329712,-1.67700004577637,-1.67700004577637,0,0,0,0,0,-1.68900001049042,-1.69000005722046,0,0,0,0,-1.692999958992,-1.69900000095367,-1.63199996948242,0,-1.55799996852875,-1.50300002098083,-1.50199997425079,-1.5110000371933,-1.46399998664856,-1.47200000286102,-1.40199995040894,-1.41199994087219,-1.42299997806549,-1.43499994277954,-1.45299994945526,-1.37000000476837,-1.37600004673004,0.472000002861023,0,0.19200000166893,-0.0500000007450581,0,0,0,0,0,0,0,0,0,0,0,0,0,0,-1.59700000286102,0,0,0,0,0,0,0,0,0,0,0,0,0,0,0
0,-1.32200002670288,-1.32200002670288,-1.31299996376038,0,0,0,0,-1.33700001239777,-1.32500004768372,-1.31200003623962,0,0,0,0,0,0,0,0,0,0,0,0,0,0,0,0,0,0,0,0,0,0,0,0,0,0,-1.20899999141693,-1.32700002193451,-1.31299996376038,0,-1.29200005531311,-1.28900003433228,0,0,0,0,-1.30599999427795,0,0,-1.35800004005432,-1.34899997711182,0,0,0,-1.3639999628067,-1.35599994659424,-1.34300005435944,-1.33200001716614,0,-1.31599998474121,-1.31700003147125,-1.3639999628067,-1.36300003528595,0,0,0,-1.40199995040894,0,-1.38699996471405,-1.38399994373322,0,-1.43900001049042,-1.43599998950958,-1.43700003623962,0,-1.45899999141693,-1.46200001239777,0,0,-1.49600005149841,-1.55099999904633,-1.61699998378754,0,0,0,0,0,-1.65199995040894,-1.65199995040894,-1.65199995040894,-1.65499997138977,-1.65199995040894,-1.65299999713898,-1.65199995040894,-1.65199995040894,0,0,0,0,0,0,0,0,0,0,0,-1.65799999237061,-1.65699994564056,-1.65699994564056,-1.65900003910065,-1.6599999666214,-1.65799999237061,-1.6599999666214,-1.66299998760223,0,0,0,0,-1.64999997615814,-1.65199995040894,-1.65600001811981,-1.65699994564056,-1.6599999666214,-1.66299998760223,0,0,0,0,0,0,0,-1.682000041008,-1.68299996852875,-1.68499994277954,0,0,-1.67900002002716,-1.67799997329712,-1.67999994754791,0,0,0,0,-1.68900001049042,-1.68799996376038,0,0,0,0,0,-1.61300003528595,0,-1.54499995708466,-1.55099999904633,-1.50199997425079,-1.50699996948242,-1.5110000371933,-1.4650000333786,-1.46399998664856,-1.47599995136261,-1.42299997806549,-1.4210000038147,-1.43400001525879,0,-1.36300003528595,0.303000003099442,0.470999985933304,0,0,0,0,0,0,0,-1.58800005912781,-1.59099996089935,0,0,0,0,0,0,0,-1.59800004959106,-1.60300004482269,-1.60800004005432,0,0,0,0,0,0,0,0,0,0,0,0,0
0,-1.31500005722046,-1.31299996376038,0,0,0,0,0,-1.32599997520447,0,0,0,0,0,0,0,0,0,0,0,0,0,0,0,0,0,0,0,0,0,0,0,0,0,0,0,0,0,-1.31200003623962,-1.30900001525879,0,0,0,0,0,0,-1.30599999427795,-1.30200004577637,0,0,-1.34300005435944,0,0,0,-1.35699999332428,-1.35500001907349,-1.34300005435944,-1.32500004768372,0,-1.31500005722046,0,-1.30299997329712,-1.35399997234344,-1.35099995136261,0,-1.40199995040894,-1.39300000667572,-1.39699995517731,-1.38199996948242,-1.37100005149841,-1.37399995326996,-1.41999995708466,-1.41600000858307,0,-1.45200002193451,-1.45200002193451,-1.4559999704361,0,0,-1.48199999332428,-1.49100005626678,-1.5460000038147,-1.58899998664856,-1.65499997138977,-1.64999997615814,-1.65199995040894,-1.64999997615814,-1.64999997615814,0,0,0,0,0,0,0,0,0,0,-1.67200005054474,-1.67200005054474,-1.6710000038147,-1.67200005054474,-1.67200005054474,-1.67299997806549,-1.67400002479553,-1.67599999904633,-1.67799997329712,0,0,0,0,0,0,0,-1.66199994087219,-1.66100001335144,-1.6599999666214,-1.66199994087219,0,0,0,0,0,0,-1.65699994564056,-1.65699994564056,-1.65900003910065,0,0,0,0,0,0,0,-1.68700003623962,-1.68599998950958,-1.68900001049042,0,0,0,-1.68499994277954,-1.68599998950958,0,0,0,0,-1.68900001049042,-1.69000005722046,0,0,0,-1.60399997234344,0,-1.53799998760223,-1.54900002479553,-1.55200004577637,-1.557000041008,-1.50199997425079,-1.45700001716614,-1.46200001239777,-1.46300005912781,-1.47500002384186,0,-1.42599999904633,-1.35399997234344,-1.36500000953674,0.467999994754791,0.42399999499321,0,0.19200000166893,0,0,0,0,0,0,-1.58200001716614,0,0,0,0,0,0,0,0,0,-1.60300004482269,0,0,0,0,0,0,0,0,0,0,0,0,0
0,-1.30799996852875,-1.30599999427795,0,0,0,-1.33599996566772,-1.32400000095367,-1.32000005245209,0,0,0,0,0,0,-1.317999958992,0,0,0,0,0,0,0,0,0,0,0,0,0,0,0,0,0,0,0,0,0,0,-1.29499995708466,-1.29999995231628,0,0,0,0,0,-1.30400002002716,-1.29700005054474,0,0,-1.33599996566772,-1.32400000095367,0,0,0,-1.34500002861023,0,0,0,0,0,-1.34599995613098,-1.35699999332428,0,0,-1.39800000190735,-1.39400005340576,-1.38399994373322,-1.38300001621246,-1.42499995231628,0,-1.4099999666214,-1.41199994087219,0,-1.44500005245209,-1.4559999704361,0,0,-1.46800005435944,-1.47099995613098,-1.47599995136261,-1.52699995040894,0,-1.58399999141693,0,0,0,0,0,-1.6690000295639,-1.66799998283386,-1.66799998283386,-1.6710000038147,-1.67299997806549,-1.67299997806549,-1.66700005531311,-1.66600000858307,-1.66700005531311,-1.66600000858307,-1.66799998283386,-1.6690000295639,-1.66799998283386,-1.6690000295639,-1.66700005531311,-1.6710000038147,-1.6710000038147,-1.67400002479553,-1.67499995231628,-1.67400002479553,-1.67400002479553,-1.67599999904633,-1.67499995231628,-1.67700004577637,-1.67700004577637,0,0,0,0,0,-1.65400004386902,-1.65900003910065,-1.66100001335144,-1.66299998760223,-1.66799998283386,0,0,0,-1.65900003910065,-1.65499997138977,-1.65600001811981,-1.6599999666214,0,0,0,0,0,0,-1.68599998950958,-1.68700003623962,-1.69099998474121,0,0,0,-1.68799996376038,-1.68900001049042,0,0,0,0,-1.68900001049042,-1.692999958992,0,-1.58599996566772,0,0,0,0,-1.54499995708466,-1.48800003528595,0,-1.45299994945526,-1.51699995994568,-1.46800005435944,-1.47200000286102,-1.42299997806549,-1.42400002479553,-1.3400000333786,0.301999986171722,0.19200000166893,0,-0.218999996781349,0,0,0,0,0,0,0,-1.59099996089935,-1.59800004959106,0,0,0,0,0,0,0,0,-1.60699999332428,0,0,0,0,0,0,0,0,0,0,0,0
-1.30999994277954,-1.307000041008,0,0,0,-1.33700001239777,-1.34099996089935,0,0,0,0,0,0,0,-1.31599998474121,-1.30599999427795,0,0,0,0,0,0,0,0,0,0,0,0,0,0,0,0,0,0,0,0,0,0,-1.28699994087219,-1.28199994564056,0,0,0,0,0,-1.2960000038147,-1.28799998760223,0,0,-1.31700003147125,0,0,-1.34899997711182,-1.33899998664856,-1.33500003814697,0,-1.37899994850159,-1.37000000476837,-1.35399997234344,-1.34300005435944,-1.33800005912781,0,0,-1.38900005817413,-1.38499999046326,-1.375,0,-1.41400003433228,-1.40900003910065,-1.39999997615814,-1.39699995517731,-1.43700003623962,-1.43599998950958,-1.44099998474121,0,0,-1.46000003814697,-1.46000003814697,-1.49800002574921,-1.49600005149841,0,0,-1.54700005054474,-1.66999995708466,-1.66400003433228,-1.66600000858307,-1.66799998283386,-1.66799998283386,-1.66700005531311,-1.66700005531311,0,0,0,0,0,0,0,0,0,0,0,0,0,0,0,0,0,0,0,0,0,0,-1.67299997806549,-1.67400002479553,-1.67599999904633,-1.67900002002716,-1.67900002002716,-1.67700004577637,0,0,0,0,-1.66400003433228,-1.66299998760223,-1.66400003433228,0,0,0,0,-1.65499997138977,-1.65699994564056,-1.66100001335144,0,0,0,0,0,0,-1.69200003147125,-1.692999958992,-1.692999958992,0,0,-1.68499994277954,-1.68599998950958,0,0,0,0,-1.692999958992,-1.69400000572205,-1.5809999704361,-1.58000004291534,0,0,0,-1.52799999713898,0,0,0,-1.50999999046326,-1.4650000333786,-1.4650000333786,0,-1.41299998760223,-1.42499995231628,0.418999999761581,0.46399998664856,-0.0979999974370003,0,0,0,0,0,0,0,0,0,0,-1.59800004959106,-1.60399997234344,0,0,0,0,0,0,-1.60599994659424,0,0,0,0,0,0,0,0,0,0,0,0
-1.307000041008,-1.30200004577637,0,0,0,-1.34200000762939,-1.32200002670288,0,0,0,0,-1.33700001239777,-1.32500004768372,-1.31500005722046,-1.30599999427795,0,0,-1.32299995422363,0,0,0,0,0,0,0,0,0,0,0,0,0,0,0,0,0,0,0,0,-1.27699995040894,0,0,0,0,-1.30099999904633,-1.29299998283386,-1.29200005531311,0,0,-1.32599997520447,-1.31099998950958,0,-1.34300005435944,-1.33000004291534,0,0,0,-1.35599994659424,-1.35599994659424,-1.33800005912781,0,0,0,0,-1.37199997901917,0,-1.42200005054474,-1.40900003910065,-1.41499996185303,-1.40299999713898,0,-1.43499994277954,-1.4210000038147,0,0,0,-1.44400000572205,-1.44200003147125,-1.48800003528595,-1.48500001430511,-1.4889999628067,0,-1.52699995040894,-1.52799999713898,0,0,0,0,0,0,0,0,-1.6599999666214,-1.65600001811981,-1.65699994564056,-1.65299999713898,-1.65400004386902,-1.65199995040894,-1.65299999713898,-1.65299999713898,-1.65400004386902,-1.65600001811981,-1.65600001811981,-1.65600001811981,-1.65799999237061,-1.65799999237061,-1.65900003910065,-1.66100001335144,-1.66299998760223,-1.66199994087219,-1.66600000858307,0,0,0,0,0,0,0,-1.67700004577637,-1.67499995231628,-1.67599999904633,-1.682000041008,-1.68299996852875,0,0,-1.66199994087219,-1.66499996185303,-1.66400003433228,-1.66700005531311,0,0,0,-1.66100001335144,-1.6599999666214,-1.66199994087219,0,0,0,0,0,0,-1.69599997997284,-1.69700002670288,-1.69500005245209,0,0,-1.68700003623962,-1.68599998950958,0,0,0,0,-1.63100004196167,-1.57000005245209,-1.56900000572205,0,0,-1.51300001144409,0,0,0,-1.49399995803833,0,-1.44700002670288,0,-1.31500005722046,-1.41600000858307,0.300000011920929,0.462000012397766,0,0,0,0,0,0,0,0,0,0,0,0,-1.60199999809265,0,0,0,0,0,0,0,0,0,0,0,0,0,0,0,0,0,0,0
-1.29900002479553,0,0,0,-1.33599996566772,-1.32799994945526,-1.32000005245209,0,0,0,0,-1.33299994468689,-1.32500004768372,0,0,0,0,-1.31500005722046,0,0,0,-1.33800005912781,0,0,0,0,0,0,0,0,0,0,0,0,0,0,0,0,-1.26199996471405,-1.26300001144409,0,0,-1.30099999904633,-1.29100000858307,-1.28400003910065,0,0,0,-1.30499994754791,-1.307000041008,0,-1.33599996566772,-1.3309999704361,0,-1.36300003528595,-1.35300004482269,-1.34700000286102,0,-1.3309999704361,0,0,0,-1.37100005149841,-1.36099994182587,-1.41199994087219,-1.41400003433228,-1.39900004863739,0,-1.42400002479553,-1.42499995231628,-1.41600000858307,0,0,0,-1.44000005722046,-1.43099999427795,-1.46700000762939,-1.47699999809265,0,0,-1.50600004196167,-1.51900005340576,-1.56299996376038,0,0,0,-1.65600001811981,-1.65100002288818,-1.65400004386902,-1.65400004386902,-1.65499997138977,-1.65600001811981,-1.65699994564056,0,0,0,0,0,0,0,0,0,0,0,0,0,0,0,-1.65900003910065,-1.66100001335144,-1.66100001335144,-1.66100001335144,-1.66100001335144,-1.66100001335144,-1.66199994087219,-1.66999995708466,0,0,0,0,0,-1.68400001525879,-1.68499994277954,-1.68499994277954,-1.68700003623962,0,0,-1.66299998760223,-1.66100001335144,-1.66299998760223,0,0,0,-1.66400003433228,-1.66199994087219,-1.66600000858307,0,0,0,0,0,0,-1.69400000572205,-1.69900000095367,0,0,-1.69000005722046,-1.69099998474121,0,0,0,-1.62000000476837,-1.61699998378754,-1.55900001525879,0,0,-1.51699995994568,-1.5110000371933,-1.53299999237061,-1.47300004959106,-1.47399997711182,0,-1.44400000572205,-1.4559999704361,-1.29700005054474,-1.39600002765656,0.347000002861023,0.460999995470047,0.19200000166893,0,0,0,0,0,0,0,0,0,0,0,0,-1.60199999809265,0,0,0,0,0,0,0,0,0,0,0,0,0,0,0,0,0,0
0,0,0,0,-1.33500003814697,0,0,0,0,0,-1.33700001239777,-1.32299995422363,0,0,0,-1.32200002670288,-1.31599998474121,0,0,0,0,-1.32700002193451,0,0,0,0,0,0,0,0,0,0,0,0,0,0,0,0,-1.24899995326996,0,0,-1.29999995231628,-1.28900003433228,-1.28400003910065,0,0,-1.30999994277954,-1.30599999427795,-1.29999995231628,0,-1.3309999704361,-1.32000005245209,0,0,-1.34800004959106,0,0,0,0,0,0,-1.36000001430511,-1.35000002384186,-1.39999997615814,0,-1.39699995517731,-1.42799997329712,-1.41700005531311,-1.41199994087219,-1.40600001811981,-1.39100003242493,0,-1.42299997806549,-1.43099999427795,-1.43400001525879,-1.41600000858307,-1.45799994468689,0,0,-1.48599994182587,-1.49300003051758,-1.54499995708466,-1.60800004005432,-1.6599999666214,-1.64900004863739,-1.65199995040894,-1.65100002288818,-1.65199995040894,0,0,0,-1.66700005531311,-1.66199994087219,-1.66199994087219,-1.66100001335144,-1.66100001335144,-1.65799999237061,-1.6599999666214,-1.66199994087219,-1.66100001335144,-1.66100001335144,-1.66299998760223,-1.6599999666214,-1.6599999666214,-1.66299998760223,-1.66499996185303,-1.66499996185303,-1.66600000858307,-1.66700005531311,-1.66999995708466,0,0,0,0,-1.66299998760223,-1.66600000858307,-1.66600000858307,-1.66499996185303,-1.66299998760223,0,0,0,0,0,-1.68700003623962,-1.682000041008,-1.68299996852875,0,0,-1.66199994087219,-1.66400003433228,-1.66499996185303,0,0,0,-1.66700005531311,-1.66799998283386,-1.66999995708466,-1.67900002002716,0,0,0,0,-1.69599997997284,-1.69599997997284,-1.70200002193451,0,-1.69099998474121,-1.69200003147125,-1.69400000572205,0,-1.60899996757507,-1.60099995136261,-1.5460000038147,-1.55400002002716,-1.56400001049042,0,0,-1.52100002765656,0,-1.46899998188019,-1.41799998283386,-1.42700004577637,-1.36500000953674,-1.4539999961853,-1.30299997329712,0.344999998807907,0.458999991416931,0,0,0,0,0,0,0,0,0,0,0,0,0,-1.60500001907349,-1.60599994659424,0,0,0,0,0,0,0,0,0,0,0,0,0,0,0,0,0
-1.2940000295639,0,0,0,-1.32200002670288,0,0,0,0,0,-1.3289999961853,-1.32099997997284,0,0,-1.32799994945526,-1.32599997520447,0,0,0,-1.34399998188019,-1.32799994945526,-1.32799994945526,0,0,0,0,0,0,0,0,0,0,0,0,0,0,0,0,-1.24399995803833,-1.24000000953674,0,-1.29499995708466,-1.28199994564056,0,0,0,-1.30400002002716,-1.30499994754791,0,0,-1.31599998474121,0,0,-1.35000002384186,-1.34399998188019,0,0,0,0,0,-1.35300004482269,-1.34399998188019,0,-1.39100003242493,-1.42499995231628,-1.42400002479553,-1.41700005531311,-1.41299998760223,0,0,0,-1.41299998760223,-1.4210000038147,-1.41600000858307,-1.44799995422363,-1.45000004768372,0,0,0,-1.47599995136261,-1.48300004005432,0,-1.5789999961853,0,0,0,-1.66299998760223,-1.65900003910065,-1.65799999237061,-1.6599999666214,-1.66100001335144,-1.66100001335144,-1.66299998760223,0,0,0,0,-1.66499996185303,-1.66299998760223,-1.66400003433228,-1.66600000858307,-1.66400003433228,-1.66400003433228,0,0,0,0,0,0,-1.66700005531311,-1.66400003433228,-1.66499996185303,-1.66700005531311,-1.66600000858307,-1.6690000295639,0,0,0,-1.66100001335144,-1.66199994087219,-1.66400003433228,-1.66799998283386,-1.67299997806549,0,0,0,-1.68400001525879,-1.68400001525879,-1.68099999427795,0,0,-1.66600000858307,-1.66499996185303,-1.6690000295639,0,0,0,0,-1.6710000038147,-1.67999994754791,0,0,0,0,0,-1.69500005245209,-1.69599997997284,0,0,-1.69099998474121,-1.70000004768372,-1.65600001811981,-1.59800004959106,-1.59800004959106,-1.54999995231628,-1.55999994277954,0,0,-1.5110000371933,-1.5110000371933,-1.45700001716614,-1.46700000762939,0,0,-1.43799996376038,0,0.414000004529953,0.458000004291534,-0.0879999995231628,0,0,0,0,-1.57200002670288,0,-1.59599995613098,0,0,0,0,0,0,0,0,0,0,0,0,0,0,0,0,0,0,0,0,0,0,0,0
